"modelID","varName","value","temperature","climate","indoorUnittype","info"
"13","title","Buderus Hybrid-Set WLW196i-6 A H","0","0","0","1"
"13","application","2","0","0","0","1"
"13","indoor","1","0","0","0","1"
"13","outdoor","1","0","0","0","1"
"13","coolingMode7c12c","0","0","0","0","1"
"13","coolingMode18c23c","0","0","0","0","1"
"13","colderClimate","1","0","0","0","1"
"13","warmerClimate","1","0","0","0","1"
"13","reversibility","0","0","0","0","1"
"13","colderForHeating","0","0","0","0","1"
"13","warmerForHeating","0","0","0","0","1"
"13","en145112Certification","0","0","0","0","1"
"13","heatSource","1","0","0","0","1"
"13","additionalOutdoorAir","0","0","0","0","1"
"13","additionalExhaustAir","0","0","0","0","1"
"13","additionalIndoorAir","0","0","0","0","1"
"13","additionalNonheatedSpaceAir","0","0","0","0","1"
"13","powerSupply","1","0","0","0","1"
"13","offPeakProduct","2","0","0","0","1"
"13","EN14511_4_001","2","0","10","0","2"
"13","EN14511_4_002","2","0","10","0","2"
"13","EN14511_2_001","9.03","4","10","0","2"
"13","EN14511_2_001","7.41","5","10","0","2"
"13","EN14511_2_002","2.4","4","10","0","2"
"13","EN14511_2_002","2.82","5","10","0","2"
"13","EN14511_2_003","3.76","4","10","0","2"
"13","EN14511_2_003","2.62","5","10","0","2"
"13","EN14511_4_003","2","0","10","0","2"
"13","EN14511_4_004","2","0","10","0","2"
"13","EN14511_4_005","2","0","10","0","2"
"13","EN14511_4_006","2","0","10","0","2"
"13","EN12102_1_001","24","4","1","0","2"
"13","EN12102_1_001","24","5","1","0","2"
"13","EN12102_1_001","24","4","2","0","2"
"13","EN12102_1_001","24","5","2","0","2"
"13","EN12102_1_001","24","4","3","0","2"
"13","EN12102_1_001","24","5","3","0","2"
"13","EN12102_1_002","47","4","1","0","2"
"13","EN12102_1_002","47","5","1","0","2"
"13","EN12102_1_002","47","4","2","0","2"
"13","EN12102_1_002","47","5","2","0","2"
"13","EN12102_1_002","47","4","3","0","2"
"13","EN12102_1_002","47","5","3","0","2"
"13","EN14825_001","210","4","1","0","2"
"13","EN14825_001","164","5","1","0","2"
"13","EN14825_001","152","4","2","0","2"
"13","EN14825_001","122","5","2","0","2"
"13","EN14825_001","169","4","3","0","2"
"13","EN14825_001","133","5","3","0","2"
"13","EN14825_002","6.54","4","1","0","2"
"13","EN14825_002","6.10","5","1","0","2"
"13","EN14825_002","5.35","4","2","0","2"
"13","EN14825_002","5.29","5","2","0","2"
"13","EN14825_002","5.39","4","3","0","2"
"13","EN14825_002","6.25","5","3","0","2"
"13","EN14825_003","5.31","4","1","0","2"
"13","EN14825_003","4.16","5","1","0","2"
"13","EN14825_003","3.87","4","2","0","2"
"13","EN14825_003","3.13","5","2","0","2"
"13","EN14825_003","4.31","4","3","0","2"
"13","EN14825_003","3.4","5","3","0","2"
"13","EN14825_004","2","4","1","0","2"
"13","EN14825_004","2","5","1","0","2"
"13","EN14825_004","-17","4","2","0","2"
"13","EN14825_004","-15","5","2","0","2"
"13","EN14825_004","-10","4","3","0","2"
"13","EN14825_004","-7","5","3","0","2"
"13","EN14825_005","2","4","1","0","2"
"13","EN14825_005","2","5","1","0","2"
"13","EN14825_005","-20","4","2","0","2"
"13","EN14825_005","-19","5","2","0","2"
"13","EN14825_005","-10","4","3","0","2"
"13","EN14825_005","-10","5","3","0","2"
"13","EN14825_008","3.19","4","2","0","2"
"13","EN14825_008","3.21","5","2","0","2"
"13","EN14825_008","4.55","4","3","0","2"
"13","EN14825_008","5.53","5","3","0","2"
"13","EN14825_009","3.32","4","2","0","2"
"13","EN14825_009","2.52","5","2","0","2"
"13","EN14825_009","2.96","4","3","0","2"
"13","EN14825_009","2.02","5","3","0","2"
"13","EN14825_047","1.000","4","2","0","2"
"13","EN14825_047","1.000","5","2","0","2"
"13","EN14825_047","1.000","4","3","0","2"
"13","EN14825_047","1.000","5","3","0","2"
"13","EN14825_010","6.54","4","1","0","2"
"13","EN14825_010","6.1","5","1","0","2"
"13","EN14825_010","1.18","4","2","0","2"
"13","EN14825_010","1.78","5","2","0","2"
"13","EN14825_010","2.63","4","3","0","2"
"13","EN14825_010","3.53","5","3","0","2"
"13","EN14825_011","3.04","4","1","0","2"
"13","EN14825_011","2.33","5","1","0","2"
"13","EN14825_011","4.59","4","2","0","2"
"13","EN14825_011","3.71","5","2","0","2"
"13","EN14825_011","4.34","4","3","0","2"
"13","EN14825_011","3.31","5","3","0","2"
"13","EN14825_048","1.000","4","1","0","2"
"13","EN14825_048","1.000","5","1","0","2"
"13","EN14825_048","1.000","4","2","0","2"
"13","EN14825_048","1.000","5","2","0","2"
"13","EN14825_048","1.000","4","3","0","2"
"13","EN14825_048","1.000","5","3","0","2"
"13","EN14825_012","4.02","4","1","0","2"
"13","EN14825_012","4.07","5","1","0","2"
"13","EN14825_012","1.18","4","2","0","2"
"13","EN14825_012","2.13","5","2","0","2"
"13","EN14825_012","1.75","4","3","0","2"
"13","EN14825_012","2.13","5","3","0","2"
"13","EN14825_013","5.03","4","1","0","2"
"13","EN14825_013","3.47","5","1","0","2"
"13","EN14825_013","5.00","4","2","0","2"
"13","EN14825_013","5.01","5","2","0","2"
"13","EN14825_013","5.24","4","3","0","2"
"13","EN14825_013","4.55","5","3","0","2"
"13","EN14825_049","1.000","4","1","0","2"
"13","EN14825_049","1.000","5","1","0","2"
"13","EN14825_049","1.000","4","2","0","2"
"13","EN14825_049","0.950","5","2","0","2"
"13","EN14825_049","1.000","4","3","0","2"
"13","EN14825_049","1.000","5","3","0","2"
"13","EN14825_014","1.77","4","1","0","2"
"13","EN14825_014","2.49","5","1","0","2"
"13","EN14825_014","1.36","4","2","0","2"
"13","EN14825_014","2.58","5","2","0","2"
"13","EN14825_014","1.36","4","3","0","2"
"13","EN14825_014","2.54","5","3","0","2"
"13","EN14825_015","6.36","4","1","0","2"
"13","EN14825_015","5.71","5","1","0","2"
"13","EN14825_015","6.19","4","2","0","2"
"13","EN14825_015","6.89","5","2","0","2"
"13","EN14825_015","6.25","4","3","0","2"
"13","EN14825_015","6.41","5","3","0","2"
"13","EN14825_050","1.000","4","1","0","2"
"13","EN14825_050","0.950","5","1","0","2"
"13","EN14825_050","0.900","4","2","0","2"
"13","EN14825_050","0.940","5","2","0","2"
"13","EN14825_050","0.900","4","3","0","2"
"13","EN14825_050","0.940","5","3","0","2"
"13","EN14825_016","6.54","4","1","0","2"
"13","EN14825_016","6.1","5","1","0","2"
"13","EN14825_016","4.39","4","2","0","2"
"13","EN14825_016","4.32","5","2","0","2"
"13","EN14825_016","5.39","4","3","0","2"
"13","EN14825_016","5.53","5","3","0","2"
"13","EN14825_017","3.04","4","1","0","2"
"13","EN14825_017","2.33","5","1","0","2"
"13","EN14825_017","2.31","4","2","0","2"
"13","EN14825_017","1.82","5","2","0","2"
"13","EN14825_017","2.56","4","3","0","2"
"13","EN14825_017","2.02","5","3","0","2"
"13","EN14825_018","6.54","4","1","0","2"
"13","EN14825_018","6.1","5","1","0","2"
"13","EN14825_018","4.07","4","2","0","2"
"13","EN14825_018","1.77","5","2","0","2"
"13","EN14825_018","5.39","4","3","0","2"
"13","EN14825_018","4.61","5","3","0","2"
"13","EN14825_019","3.04","4","1","0","2"
"13","EN14825_019","2.33","5","1","0","2"
"13","EN14825_019","2.16","4","2","0","2"
"13","EN14825_019","1.54","5","2","0","2"
"13","EN14825_019","2.56","4","3","0","2"
"13","EN14825_019","1.93","5","3","0","2"
"13","EN14825_022","62","4","1","0","2"
"13","EN14825_022","62","5","1","0","2"
"13","EN14825_022","62","4","2","0","2"
"13","EN14825_022","62","5","2","0","2"
"13","EN14825_022","62","4","3","0","2"
"13","EN14825_022","62","5","3","0","2"
"13","EN14825_023","7","4","1","0","2"
"13","EN14825_023","7","5","1","0","2"
"13","EN14825_023","7","4","2","0","2"
"13","EN14825_023","7","5","2","0","2"
"13","EN14825_023","7","4","3","0","2"
"13","EN14825_023","7","5","3","0","2"
"13","EN14825_024","6","4","1","0","2"
"13","EN14825_024","6","5","1","0","2"
"13","EN14825_024","6","4","2","0","2"
"13","EN14825_024","6","5","2","0","2"
"13","EN14825_024","6","4","3","0","2"
"13","EN14825_024","6","5","3","0","2"
"13","EN14825_025","17","4","1","0","2"
"13","EN14825_025","17","5","1","0","2"
"13","EN14825_025","17","4","2","0","2"
"13","EN14825_025","17","5","2","0","2"
"13","EN14825_025","17","4","3","0","2"
"13","EN14825_025","17","5","3","0","2"
"13","EN14825_026","0","4","1","0","2"
"13","EN14825_026","0","5","1","0","2"
"13","EN14825_026","0","4","2","0","2"
"13","EN14825_026","0","5","2","0","2"
"13","EN14825_026","0","4","3","0","2"
"13","EN14825_026","0","5","3","0","2"
"13","EN14825_027","2","4","1","0","2"
"13","EN14825_027","2","5","1","0","2"
"13","EN14825_027","2","4","2","0","2"
"13","EN14825_027","2","5","2","0","2"
"13","EN14825_027","2","4","3","0","2"
"13","EN14825_027","2","5","3","0","2"
"13","EN14825_028","0.00","4","1","0","2"
"13","EN14825_028","0.00","5","1","0","2"
"13","EN14825_028","1.28","4","2","0","2"
"13","EN14825_028","3.52","5","2","0","2"
"13","EN14825_028","0","4","3","0","2"
"13","EN14825_028","1.6","5","3","0","2"
"13","EN14825_029","1645","4","1","0","2"
"13","EN14825_029","1957","5","1","0","2"
"13","EN14825_029","3405","4","2","0","2"
"13","EN14825_029","4162","5","2","0","2"
"13","EN14825_029","2586","4","3","0","2"
"13","EN14825_029","3800","5","3","0","2"
"2","title","Buderus Logatherm WLW196i-6 ARB","0","0","0","1"
"2","application","2","0","0","0","1"
"2","indoor","1","0","0","0","1"
"2","outdoor","1","0","0","0","1"
"2","coolingMode7c12c","0","0","0","0","1"
"2","coolingMode18c23c","0","0","0","0","1"
"2","colderClimate","1","0","0","0","1"
"2","warmerClimate","1","0","0","0","1"
"2","reversibility","1","0","0","0","1"
"2","colderForHeating","0","0","0","0","1"
"2","warmerForHeating","0","0","0","0","1"
"2","en145112Certification","0","0","0","0","1"
"2","heatSource","1","0","0","0","1"
"2","additionalOutdoorAir","0","0","0","0","1"
"2","additionalExhaustAir","0","0","0","0","1"
"2","additionalIndoorAir","0","0","0","0","1"
"2","additionalNonheatedSpaceAir","0","0","0","0","1"
"2","powerSupply","1","0","0","0","1"
"2","offPeakProduct","2","0","0","0","1"
"2","EN14511_4_001","2","0","10","0","2"
"2","EN14511_4_002","2","0","10","0","2"
"2","EN14511_2_001","2.29","4","10","0","2"
"2","EN14511_2_001","2.40","5","10","0","2"
"2","EN14511_2_002","0.43","4","10","0","2"
"2","EN14511_2_002","0.88","5","10","0","2"
"2","EN14511_2_003","5.27","4","10","0","2"
"2","EN14511_2_003","2.75","5","10","0","2"
"2","EN14511_4_003","2","0","10","0","2"
"2","EN14511_4_004","2","0","10","0","2"
"2","EN14511_4_005","2","0","10","0","2"
"2","EN14511_4_006","2","0","10","0","2"
"2","EN12102_1_001","29","4","1","0","2"
"2","EN12102_1_001","29","5","1","0","2"
"2","EN12102_1_001","29","4","2","0","2"
"2","EN12102_1_001","29","5","2","0","2"
"2","EN12102_1_001","29","4","3","0","2"
"2","EN12102_1_001","29","5","3","0","2"
"2","EN12102_1_002","47","4","1","0","2"
"2","EN12102_1_002","47","5","1","0","2"
"2","EN12102_1_002","47","4","2","0","2"
"2","EN12102_1_002","47","5","2","0","2"
"2","EN12102_1_002","47","4","3","0","2"
"2","EN12102_1_002","47","5","3","0","2"
"2","EN14825_001","261","4","1","0","2"
"2","EN14825_001","175","5","1","0","2"
"2","EN14825_001","178","4","2","0","2"
"2","EN14825_001","130","5","2","0","2"
"2","EN14825_001","202","4","3","0","2"
"2","EN14825_001","143","5","3","0","2"
"2","EN14825_002","6.27","4","1","0","2"
"2","EN14825_002","5.60","5","1","0","2"
"2","EN14825_002","5.11","4","2","0","2"
"2","EN14825_002","4.82","5","2","0","2"
"2","EN14825_002","5.43","4","3","0","2"
"2","EN14825_002","4.56","5","3","0","2"
"2","EN14825_003","6.59","4","1","0","2"
"2","EN14825_003","4.45","5","1","0","2"
"2","EN14825_003","4.53","4","2","0","2"
"2","EN14825_003","3.32","5","2","0","2"
"2","EN14825_003","5.13","4","3","0","2"
"2","EN14825_003","3.65","5","3","0","2"
"2","EN14825_004","2","4","1","0","2"
"2","EN14825_004","2","5","1","0","2"
"2","EN14825_004","-17","4","2","0","2"
"2","EN14825_004","-17","5","2","0","2"
"2","EN14825_004","-10","4","3","0","2"
"2","EN14825_004","-10","5","3","0","2"
"2","EN14825_005","2","4","1","0","2"
"2","EN14825_005","2","5","1","0","2"
"2","EN14825_005","-20","4","2","0","2"
"2","EN14825_005","-19","5","2","0","2"
"2","EN14825_005","-10","4","3","0","2"
"2","EN14825_005","-10","5","3","0","2"
"2","EN14825_008","3.20","4","2","0","2"
"2","EN14825_008","3.01","5","2","0","2"
"2","EN14825_008","4.91","4","3","0","2"
"2","EN14825_008","4.26","5","3","0","2"
"2","EN14825_009","3.61","4","2","0","2"
"2","EN14825_009","2.72","5","2","0","2"
"2","EN14825_009","3.08","4","3","0","2"
"2","EN14825_009","2.24","5","3","0","2"
"2","EN14825_010","6.27","4","1","0","2"
"2","EN14825_010","5.60","5","1","0","2"
"2","EN14825_010","1.80","4","2","0","2"
"2","EN14825_010","1.91","5","2","0","2"
"2","EN14825_010","2.92","4","3","0","2"
"2","EN14825_010","2.57","5","3","0","2"
"2","EN14825_011","3.05","4","1","0","2"
"2","EN14825_011","2.19","5","1","0","2"
"2","EN14825_011","5.73","4","2","0","2"
"2","EN14825_011","4.24","5","2","0","2"
"2","EN14825_011","5.00","4","3","0","2"
"2","EN14825_011","3.66","5","3","0","2"
"2","EN14825_012","4.09","4","1","0","2"
"2","EN14825_012","3.77","5","1","0","2"
"2","EN14825_012","1.19","4","2","0","2"
"2","EN14825_012","2.15","5","2","0","2"
"2","EN14825_012","1.84","4","3","0","2"
"2","EN14825_012","2.11","5","3","0","2"
"2","EN14825_013","5.70","4","1","0","2"
"2","EN14825_013","3.86","5","1","0","2"
"2","EN14825_013","7.41","4","2","0","2"
"2","EN14825_013","5.03","5","2","0","2"
"2","EN14825_013","6.99","4","3","0","2"
"2","EN14825_013","4.68","5","3","0","2"
"2","EN14825_014","1.79","4","1","0","2"
"2","EN14825_014","2.54","5","1","0","2"
"2","EN14825_014","1.31","4","2","0","2"
"2","EN14825_014","2.61","5","2","0","2"
"2","EN14825_014","1.33","4","3","0","2"
"2","EN14825_014","2.56","5","3","0","2"
"2","EN14825_015","8.77","4","1","0","2"
"2","EN14825_015","5.94","5","1","0","2"
"2","EN14825_015","8.16","4","2","0","2"
"2","EN14825_015","6.52","5","2","0","2"
"2","EN14825_015","8.38","4","3","0","2"
"2","EN14825_015","6.14","5","3","0","2"
"2","EN14825_016","6.27","4","1","0","2"
"2","EN14825_016","5.60","5","1","0","2"
"2","EN14825_016","4.45","4","2","0","2"
"2","EN14825_016","4.20","5","2","0","2"
"2","EN14825_016","5.43","4","3","0","2"
"2","EN14825_016","4.56","5","3","0","2"
"2","EN14825_017","3.05","4","1","0","2"
"2","EN14825_017","2.19","5","1","0","2"
"2","EN14825_017","2.43","4","2","0","2"
"2","EN14825_017","1.75","5","2","0","2"
"2","EN14825_017","2.64","4","3","0","2"
"2","EN14825_017","1.89","5","3","0","2"
"2","EN14825_018","6.27","4","1","0","2"
"2","EN14825_018","5.60","5","1","0","2"
"2","EN14825_018","4.07","4","2","0","2"
"2","EN14825_018","3.39","5","2","0","2"
"2","EN14825_018","5.43","4","3","0","2"
"2","EN14825_018","4.56","5","3","0","2"
"2","EN14825_019","3.05","4","1","0","2"
"2","EN14825_019","2.19","5","1","0","2"
"2","EN14825_019","2.25","4","2","0","2"
"2","EN14825_019","1.65","5","2","0","2"
"2","EN14825_019","2.64","4","3","0","2"
"2","EN14825_019","1.89","5","3","0","2"
"2","EN14825_021","0.90","4","3","0","2"
"2","EN14825_021","1.00","5","3","0","2"
"2","EN14825_022","60","4","1","0","2"
"2","EN14825_022","60","5","1","0","2"
"2","EN14825_022","60","4","2","0","2"
"2","EN14825_022","60","5","2","0","2"
"2","EN14825_022","60","4","3","0","2"
"2","EN14825_022","60","5","3","0","2"
"2","EN14825_023","22","4","1","0","2"
"2","EN14825_023","22","5","1","0","2"
"2","EN14825_023","22","4","2","0","2"
"2","EN14825_023","22","5","2","0","2"
"2","EN14825_023","22","4","3","0","2"
"2","EN14825_023","22","5","3","0","2"
"2","EN14825_024","22","4","1","0","2"
"2","EN14825_024","22","5","1","0","2"
"2","EN14825_024","22","4","2","0","2"
"2","EN14825_024","22","5","2","0","2"
"2","EN14825_024","22","4","3","0","2"
"2","EN14825_024","22","5","3","0","2"
"2","EN14825_025","22","4","1","0","2"
"2","EN14825_025","22","5","1","0","2"
"2","EN14825_025","22","4","2","0","2"
"2","EN14825_025","22","5","2","0","2"
"2","EN14825_025","22","4","3","0","2"
"2","EN14825_025","22","5","3","0","2"
"2","EN14825_026","4","4","1","0","2"
"2","EN14825_026","4","5","1","0","2"
"2","EN14825_026","4","4","2","0","2"
"2","EN14825_026","4","5","2","0","2"
"2","EN14825_026","4","4","3","0","2"
"2","EN14825_026","4","5","3","0","2"
"2","EN14825_027","0","4","1","0","2"
"2","EN14825_027","0","5","1","0","2"
"2","EN14825_027","0","4","2","0","2"
"2","EN14825_027","0","5","2","0","2"
"2","EN14825_027","0","4","3","0","2"
"2","EN14825_027","0","5","3","0","2"
"2","EN14825_028","0.00","4","1","0","2"
"2","EN14825_028","0.00","5","1","0","2"
"2","EN14825_028","0.00","4","2","0","2"
"2","EN14825_028","0.00","5","2","0","2"
"2","EN14825_028","0.00","4","3","0","2"
"2","EN14825_028","0.00","5","3","0","2"
"2","EN14825_029","1270","4","1","0","2"
"2","EN14825_029","1683","5","1","0","2"
"2","EN14825_029","2781","4","2","0","2"
"2","EN14825_029","3575","5","2","0","2"
"2","EN14825_029","2190","4","3","0","2"
"2","EN14825_029","2580","5","3","0","2"
"2","EN14825_044","4.15","4","2","0","2"
"2","EN14825_044","1.97","5","2","0","2"
"2","EN14825_045","2.68","4","2","0","2"
"2","EN14825_045","1.97","5","2","0","2"
"1","title","Buderus Logatherm WLW196i-6 ARE","0","0","0","1"
"1","application","2","0","0","0","1"
"1","indoor","1","0","0","0","1"
"1","outdoor","1","0","0","0","1"
"1","coolingMode7c12c","0","0","0","0","1"
"1","coolingMode18c23c","0","0","0","0","1"
"1","colderClimate","1","0","0","0","1"
"1","warmerClimate","1","0","0","0","1"
"1","reversibility","1","0","0","0","1"
"1","colderForHeating","0","0","0","0","1"
"1","warmerForHeating","0","0","0","0","1"
"1","en145112Certification","0","0","0","0","1"
"1","heatSource","1","0","0","0","1"
"1","additionalOutdoorAir","0","0","0","0","1"
"1","additionalExhaustAir","0","0","0","0","1"
"1","additionalIndoorAir","0","0","0","0","1"
"1","additionalNonheatedSpaceAir","0","0","0","0","1"
"1","powerSupply","3","0","0","0","1"
"1","offPeakProduct","2","0","0","0","1"
"1","EN14511_4_001","2","0","10","0","2"
"1","EN14511_4_002","2","0","10","0","2"
"1","EN14511_2_001","2.29","4","10","0","2"
"1","EN14511_2_001","2.40","5","10","0","2"
"1","EN14511_2_002","0.43","4","10","0","2"
"1","EN14511_2_002","0.88","5","10","0","2"
"1","EN14511_2_003","5.27","4","10","0","2"
"1","EN14511_2_003","2.75","5","10","0","2"
"1","EN14511_4_003","2","0","10","0","2"
"1","EN14511_4_004","2","0","10","0","2"
"1","EN14511_4_005","2","0","10","0","2"
"1","EN14511_4_006","2","0","10","0","2"
"1","EN12102_1_001","29","4","1","0","2"
"1","EN12102_1_001","29","5","1","0","2"
"1","EN12102_1_001","29","4","2","0","2"
"1","EN12102_1_001","29","5","2","0","2"
"1","EN12102_1_001","29","4","3","0","2"
"1","EN12102_1_001","29","5","3","0","2"
"1","EN12102_1_002","47","4","1","0","2"
"1","EN12102_1_002","47","5","1","0","2"
"1","EN12102_1_002","47","4","2","0","2"
"1","EN12102_1_002","47","5","2","0","2"
"1","EN12102_1_002","47","4","3","0","2"
"1","EN12102_1_002","47","5","3","0","2"
"1","EN14825_001","261","4","1","0","2"
"1","EN14825_001","175","5","1","0","2"
"1","EN14825_001","178","4","2","0","2"
"1","EN14825_001","130","5","2","0","2"
"1","EN14825_001","202","4","3","0","2"
"1","EN14825_001","143","5","3","0","2"
"1","EN14825_002","6.27","4","1","0","2"
"1","EN14825_002","5.60","5","1","0","2"
"1","EN14825_002","5.11","4","2","0","2"
"1","EN14825_002","4.82","5","2","0","2"
"1","EN14825_002","5.43","4","3","0","2"
"1","EN14825_002","4.56","5","3","0","2"
"1","EN14825_003","6.59","4","1","0","2"
"1","EN14825_003","4.45","5","1","0","2"
"1","EN14825_003","4.53","4","2","0","2"
"1","EN14825_003","3.32","5","2","0","2"
"1","EN14825_003","5.13","4","3","0","2"
"1","EN14825_003","3.65","5","3","0","2"
"1","EN14825_004","2","4","1","0","2"
"1","EN14825_004","2","5","1","0","2"
"1","EN14825_004","-17","4","2","0","2"
"1","EN14825_004","-17","5","2","0","2"
"1","EN14825_004","-10","4","3","0","2"
"1","EN14825_004","-10","5","3","0","2"
"1","EN14825_005","2","4","1","0","2"
"1","EN14825_005","2","5","1","0","2"
"1","EN14825_005","-20","4","2","0","2"
"1","EN14825_005","-19","5","2","0","2"
"1","EN14825_005","-10","4","3","0","2"
"1","EN14825_005","-10","5","3","0","2"
"1","EN14825_008","3.20","4","2","0","2"
"1","EN14825_008","3.01","5","2","0","2"
"1","EN14825_008","4.91","4","3","0","2"
"1","EN14825_008","4.26","5","3","0","2"
"1","EN14825_009","3.61","4","2","0","2"
"1","EN14825_009","2.72","5","2","0","2"
"1","EN14825_009","3.08","4","3","0","2"
"1","EN14825_009","2.24","5","3","0","2"
"1","EN14825_010","6.27","4","1","0","2"
"1","EN14825_010","5.60","5","1","0","2"
"1","EN14825_010","1.80","4","2","0","2"
"1","EN14825_010","1.91","5","2","0","2"
"1","EN14825_010","2.92","4","3","0","2"
"1","EN14825_010","2.57","5","3","0","2"
"1","EN14825_011","3.05","4","1","0","2"
"1","EN14825_011","2.19","5","1","0","2"
"1","EN14825_011","5.73","4","2","0","2"
"1","EN14825_011","4.24","5","2","0","2"
"1","EN14825_011","5.00","4","3","0","2"
"1","EN14825_011","3.66","5","3","0","2"
"1","EN14825_012","4.09","4","1","0","2"
"1","EN14825_012","3.77","5","1","0","2"
"1","EN14825_012","1.19","4","2","0","2"
"1","EN14825_012","2.15","5","2","0","2"
"1","EN14825_012","1.84","4","3","0","2"
"1","EN14825_012","2.11","5","3","0","2"
"1","EN14825_013","5.70","4","1","0","2"
"1","EN14825_013","3.86","5","1","0","2"
"1","EN14825_013","7.41","4","2","0","2"
"1","EN14825_013","5.03","5","2","0","2"
"1","EN14825_013","6.99","4","3","0","2"
"1","EN14825_013","4.68","5","3","0","2"
"1","EN14825_014","1.79","4","1","0","2"
"1","EN14825_014","2.54","5","1","0","2"
"1","EN14825_014","1.31","4","2","0","2"
"1","EN14825_014","2.61","5","2","0","2"
"1","EN14825_014","1.33","4","3","0","2"
"1","EN14825_014","2.56","5","3","0","2"
"1","EN14825_015","8.77","4","1","0","2"
"1","EN14825_015","5.94","5","1","0","2"
"1","EN14825_015","8.16","4","2","0","2"
"1","EN14825_015","6.52","5","2","0","2"
"1","EN14825_015","8.38","4","3","0","2"
"1","EN14825_015","6.14","5","3","0","2"
"1","EN14825_016","6.27","4","1","0","2"
"1","EN14825_016","5.60","5","1","0","2"
"1","EN14825_016","4.45","4","2","0","2"
"1","EN14825_016","4.20","5","2","0","2"
"1","EN14825_016","5.43","4","3","0","2"
"1","EN14825_016","4.56","5","3","0","2"
"1","EN14825_017","3.05","4","1","0","2"
"1","EN14825_017","2.19","5","1","0","2"
"1","EN14825_017","2.43","4","2","0","2"
"1","EN14825_017","1.75","5","2","0","2"
"1","EN14825_017","2.64","4","3","0","2"
"1","EN14825_017","1.89","5","3","0","2"
"1","EN14825_018","6.27","4","1","0","2"
"1","EN14825_018","5.60","5","1","0","2"
"1","EN14825_018","4.07","4","2","0","2"
"1","EN14825_018","3.39","5","2","0","2"
"1","EN14825_018","5.43","4","3","0","2"
"1","EN14825_018","4.56","5","3","0","2"
"1","EN14825_019","3.05","4","1","0","2"
"1","EN14825_019","2.19","5","1","0","2"
"1","EN14825_019","2.25","4","2","0","2"
"1","EN14825_019","1.65","5","2","0","2"
"1","EN14825_019","2.64","4","3","0","2"
"1","EN14825_019","1.89","5","3","0","2"
"1","EN14825_021","0.90","4","3","0","2"
"1","EN14825_021","1.00","5","3","0","2"
"1","EN14825_022","60","4","1","0","2"
"1","EN14825_022","60","5","1","0","2"
"1","EN14825_022","60","4","2","0","2"
"1","EN14825_022","60","5","2","0","2"
"1","EN14825_022","60","4","3","0","2"
"1","EN14825_022","60","5","3","0","2"
"1","EN14825_023","22","4","1","0","2"
"1","EN14825_023","22","5","1","0","2"
"1","EN14825_023","22","4","2","0","2"
"1","EN14825_023","22","5","2","0","2"
"1","EN14825_023","22","4","3","0","2"
"1","EN14825_023","22","5","3","0","2"
"1","EN14825_024","22","4","1","0","2"
"1","EN14825_024","22","5","1","0","2"
"1","EN14825_024","22","4","2","0","2"
"1","EN14825_024","22","5","2","0","2"
"1","EN14825_024","22","4","3","0","2"
"1","EN14825_024","22","5","3","0","2"
"1","EN14825_025","22","4","1","0","2"
"1","EN14825_025","22","5","1","0","2"
"1","EN14825_025","22","4","2","0","2"
"1","EN14825_025","22","5","2","0","2"
"1","EN14825_025","22","4","3","0","2"
"1","EN14825_025","22","5","3","0","2"
"1","EN14825_026","4","4","1","0","2"
"1","EN14825_026","4","5","1","0","2"
"1","EN14825_026","4","4","2","0","2"
"1","EN14825_026","4","5","2","0","2"
"1","EN14825_026","4","4","3","0","2"
"1","EN14825_026","4","5","3","0","2"
"1","EN14825_027","1","4","1","0","2"
"1","EN14825_027","1","5","1","0","2"
"1","EN14825_027","1","4","2","0","2"
"1","EN14825_027","1","5","2","0","2"
"1","EN14825_027","1","4","3","0","2"
"1","EN14825_027","1","5","3","0","2"
"1","EN14825_028","0.00","4","1","0","2"
"1","EN14825_028","0.00","5","1","0","2"
"1","EN14825_028","5.11","4","2","0","2"
"1","EN14825_028","4.82","5","2","0","2"
"1","EN14825_028","0.00","4","3","0","2"
"1","EN14825_028","0.00","5","3","0","2"
"1","EN14825_029","1270","4","1","0","2"
"1","EN14825_029","1683","5","1","0","2"
"1","EN14825_029","2781","4","2","0","2"
"1","EN14825_029","3575","5","2","0","2"
"1","EN14825_029","2190","4","3","0","2"
"1","EN14825_029","2580","5","3","0","2"
"1","EN14825_044","4.15","4","2","0","2"
"1","EN14825_044","1.97","5","2","0","2"
"1","EN14825_045","2.68","4","2","0","2"
"1","EN14825_045","1.97","5","2","0","2"
"3","title","Buderus Logatherm WLW196i-6 ART190","0","0","0","1"
"3","application","4","0","0","0","1"
"3","indoor","1","0","0","0","1"
"3","outdoor","1","0","0","0","1"
"3","coolingMode7c12c","0","0","0","0","1"
"3","coolingMode18c23c","0","0","0","0","1"
"3","colderClimate","1","0","0","0","1"
"3","warmerClimate","1","0","0","0","1"
"3","reversibility","1","0","0","0","1"
"3","colderForHeating","0","0","0","0","1"
"3","warmerForHeating","0","0","0","0","1"
"3","en145112Certification","0","0","0","0","1"
"3","heatSource","1","0","0","0","1"
"3","additionalOutdoorAir","0","0","0","0","1"
"3","additionalExhaustAir","0","0","0","0","1"
"3","additionalIndoorAir","0","0","0","0","1"
"3","additionalNonheatedSpaceAir","0","0","0","0","1"
"3","powerSupply","3","0","0","0","1"
"3","offPeakProduct","2","0","0","0","1"
"3","EN14511_4_001","2","0","10","0","2"
"3","EN14511_4_002","2","0","10","0","2"
"3","EN14511_2_001","2.29","4","10","0","2"
"3","EN14511_2_001","2.40","5","10","0","2"
"3","EN14511_2_002","0.43","4","10","0","2"
"3","EN14511_2_002","0.88","5","10","0","2"
"3","EN14511_2_003","5.27","4","10","0","2"
"3","EN14511_2_003","2.75","5","10","0","2"
"3","EN14511_4_003","2","0","10","0","2"
"3","EN14511_4_004","2","0","10","0","2"
"3","EN14511_4_005","2","0","10","0","2"
"3","EN14511_4_006","2","0","10","0","2"
"3","EN12102_1_001","25","4","1","0","2"
"3","EN12102_1_001","25","5","1","0","2"
"3","EN12102_1_001","25","4","2","0","2"
"3","EN12102_1_001","25","5","2","0","2"
"3","EN12102_1_001","25","4","3","0","2"
"3","EN12102_1_001","25","5","3","0","2"
"3","EN12102_1_002","47","4","1","0","2"
"3","EN12102_1_002","47","5","1","0","2"
"3","EN12102_1_002","47","4","2","0","2"
"3","EN12102_1_002","47","5","2","0","2"
"3","EN12102_1_002","47","4","3","0","2"
"3","EN12102_1_002","47","5","3","0","2"
"3","EN14825_001","261","4","1","0","2"
"3","EN14825_001","175","5","1","0","2"
"3","EN14825_001","178","4","2","0","2"
"3","EN14825_001","130","5","2","0","2"
"3","EN14825_001","202","4","3","0","2"
"3","EN14825_001","143","5","3","0","2"
"3","EN14825_002","6.27","4","1","0","2"
"3","EN14825_002","5.60","5","1","0","2"
"3","EN14825_002","5.11","4","2","0","2"
"3","EN14825_002","4.82","5","2","0","2"
"3","EN14825_002","5.43","4","3","0","2"
"3","EN14825_002","4.56","5","3","0","2"
"3","EN14825_003","6.59","4","1","0","2"
"3","EN14825_003","4.45","5","1","0","2"
"3","EN14825_003","4.53","4","2","0","2"
"3","EN14825_003","3.32","5","2","0","2"
"3","EN14825_003","5.13","4","3","0","2"
"3","EN14825_003","3.65","5","3","0","2"
"3","EN14825_004","2","4","1","0","2"
"3","EN14825_004","2","5","1","0","2"
"3","EN14825_004","-17","4","2","0","2"
"3","EN14825_004","-17","5","2","0","2"
"3","EN14825_004","-10","4","3","0","2"
"3","EN14825_004","-10","5","3","0","2"
"3","EN14825_005","2","4","1","0","2"
"3","EN14825_005","2","5","1","0","2"
"3","EN14825_005","-20","4","2","0","2"
"3","EN14825_005","-19","5","2","0","2"
"3","EN14825_005","-10","4","3","0","2"
"3","EN14825_005","-10","5","3","0","2"
"3","EN14825_008","3.20","4","2","0","2"
"3","EN14825_008","3.01","5","2","0","2"
"3","EN14825_008","4.91","4","3","0","2"
"3","EN14825_008","4.26","5","3","0","2"
"3","EN14825_009","3.61","4","2","0","2"
"3","EN14825_009","2.72","5","2","0","2"
"3","EN14825_009","3.08","4","3","0","2"
"3","EN14825_009","2.24","5","3","0","2"
"3","EN14825_010","6.27","4","1","0","2"
"3","EN14825_010","5.60","5","1","0","2"
"3","EN14825_010","1.80","4","2","0","2"
"3","EN14825_010","1.91","5","2","0","2"
"3","EN14825_010","2.92","4","3","0","2"
"3","EN14825_010","2.57","5","3","0","2"
"3","EN14825_011","3.05","4","1","0","2"
"3","EN14825_011","2.19","5","1","0","2"
"3","EN14825_011","5.73","4","2","0","2"
"3","EN14825_011","4.24","5","2","0","2"
"3","EN14825_011","5.00","4","3","0","2"
"3","EN14825_011","3.66","5","3","0","2"
"3","EN14825_012","4.09","4","1","0","2"
"3","EN14825_012","3.77","5","1","0","2"
"3","EN14825_012","1.19","4","2","0","2"
"3","EN14825_012","2.15","5","2","0","2"
"3","EN14825_012","1.84","4","3","0","2"
"3","EN14825_012","2.11","5","3","0","2"
"3","EN14825_013","5.70","4","1","0","2"
"3","EN14825_013","3.86","5","1","0","2"
"3","EN14825_013","7.41","4","2","0","2"
"3","EN14825_013","5.03","5","2","0","2"
"3","EN14825_013","6.99","4","3","0","2"
"3","EN14825_013","4.68","5","3","0","2"
"3","EN14825_014","1.79","4","1","0","2"
"3","EN14825_014","2.54","5","1","0","2"
"3","EN14825_014","1.31","4","2","0","2"
"3","EN14825_014","2.61","5","2","0","2"
"3","EN14825_014","1.33","4","3","0","2"
"3","EN14825_014","2.56","5","3","0","2"
"3","EN14825_015","8.77","4","1","0","2"
"3","EN14825_015","5.94","5","1","0","2"
"3","EN14825_015","8.16","4","2","0","2"
"3","EN14825_015","6.52","5","2","0","2"
"3","EN14825_015","8.38","4","3","0","2"
"3","EN14825_015","6.14","5","3","0","2"
"3","EN14825_016","6.27","4","1","0","2"
"3","EN14825_016","5.60","5","1","0","2"
"3","EN14825_016","4.45","4","2","0","2"
"3","EN14825_016","4.20","5","2","0","2"
"3","EN14825_016","5.43","4","3","0","2"
"3","EN14825_016","4.56","5","3","0","2"
"3","EN14825_017","3.05","4","1","0","2"
"3","EN14825_017","2.19","5","1","0","2"
"3","EN14825_017","2.43","4","2","0","2"
"3","EN14825_017","1.75","5","2","0","2"
"3","EN14825_017","2.64","4","3","0","2"
"3","EN14825_017","1.89","5","3","0","2"
"3","EN14825_018","6.27","4","1","0","2"
"3","EN14825_018","5.60","5","1","0","2"
"3","EN14825_018","4.07","4","2","0","2"
"3","EN14825_018","3.39","5","2","0","2"
"3","EN14825_018","5.43","4","3","0","2"
"3","EN14825_018","4.56","5","3","0","2"
"3","EN14825_019","3.05","4","1","0","2"
"3","EN14825_019","2.19","5","1","0","2"
"3","EN14825_019","2.25","4","2","0","2"
"3","EN14825_019","1.65","5","2","0","2"
"3","EN14825_019","2.64","4","3","0","2"
"3","EN14825_019","1.89","5","3","0","2"
"3","EN14825_021","0.90","4","3","0","2"
"3","EN14825_021","1.00","5","3","0","2"
"3","EN14825_022","60","4","1","0","2"
"3","EN14825_022","60","5","1","0","2"
"3","EN14825_022","60","4","2","0","2"
"3","EN14825_022","60","5","2","0","2"
"3","EN14825_022","60","4","3","0","2"
"3","EN14825_022","60","5","3","0","2"
"3","EN14825_023","22","4","1","0","2"
"3","EN14825_023","22","5","1","0","2"
"3","EN14825_023","22","4","2","0","2"
"3","EN14825_023","22","5","2","0","2"
"3","EN14825_023","22","4","3","0","2"
"3","EN14825_023","22","5","3","0","2"
"3","EN14825_024","22","4","1","0","2"
"3","EN14825_024","22","5","1","0","2"
"3","EN14825_024","22","4","2","0","2"
"3","EN14825_024","22","5","2","0","2"
"3","EN14825_024","22","4","3","0","2"
"3","EN14825_024","22","5","3","0","2"
"3","EN14825_025","22","4","1","0","2"
"3","EN14825_025","22","5","1","0","2"
"3","EN14825_025","22","4","2","0","2"
"3","EN14825_025","22","5","2","0","2"
"3","EN14825_025","22","4","3","0","2"
"3","EN14825_025","22","5","3","0","2"
"3","EN14825_026","4","4","1","0","2"
"3","EN14825_026","4","5","1","0","2"
"3","EN14825_026","4","4","2","0","2"
"3","EN14825_026","4","5","2","0","2"
"3","EN14825_026","4","4","3","0","2"
"3","EN14825_026","4","5","3","0","2"
"3","EN14825_027","1","4","1","0","2"
"3","EN14825_027","1","5","1","0","2"
"3","EN14825_027","1","4","2","0","2"
"3","EN14825_027","1","5","2","0","2"
"3","EN14825_027","1","4","3","0","2"
"3","EN14825_027","1","5","3","0","2"
"3","EN14825_028","0.00","4","1","0","2"
"3","EN14825_028","0.00","5","1","0","2"
"3","EN14825_028","5.11","4","2","0","2"
"3","EN14825_028","4.82","5","2","0","2"
"3","EN14825_028","0.00","4","3","0","2"
"3","EN14825_028","0.00","5","3","0","2"
"3","EN14825_029","1270","4","1","0","2"
"3","EN14825_029","1683","5","1","0","2"
"3","EN14825_029","2781","4","2","0","2"
"3","EN14825_029","3575","5","2","0","2"
"3","EN14825_029","2190","4","3","0","2"
"3","EN14825_029","2580","5","3","0","2"
"3","EN14825_044","4.15","4","2","0","2"
"3","EN14825_044","1.97","5","2","0","2"
"3","EN14825_045","2.68","4","2","0","2"
"3","EN14825_045","1.97","5","2","0","2"
"3","EN16147_001","L","0","1","0","2"
"3","EN16147_001","L","0","2","0","2"
"3","EN16147_001","L","0","3","0","2"
"3","EN16147_002","119","0","1","0","2"
"3","EN16147_002","97","0","2","0","2"
"3","EN16147_002","106","0","3","0","2"
"3","EN16147_003","2.79","0","1","0","2"
"3","EN16147_003","2.26","0","2","0","2"
"3","EN16147_003","2.48","0","3","0","2"
"3","EN16147_004","02:31","0","1","0","2"
"3","EN16147_004","04:04","0","2","0","2"
"3","EN16147_004","03:14","0","3","0","2"
"3","EN16147_005","45.0","0","1","0","2"
"3","EN16147_005","64.0","0","2","0","2"
"3","EN16147_005","51.0","0","3","0","2"
"3","EN16147_006","54.2","0","1","0","2"
"3","EN16147_006","53.1","0","2","0","2"
"3","EN16147_006","54.3","0","3","0","2"
"3","EN16147_007","271","0","1","0","2"
"3","EN16147_007","271","0","2","0","2"
"3","EN16147_007","273","0","3","0","2"
"15","title","Buderus Logatherm WLW196i-6 ARTP120 ","0","0","0","1"
"15","application","2","0","0","0","1"
"15","indoor","1","0","0","0","1"
"15","outdoor","1","0","0","0","1"
"15","coolingMode7c12c","0","0","0","0","1"
"15","coolingMode18c23c","0","0","0","0","1"
"15","colderClimate","1","0","0","0","1"
"15","warmerClimate","1","0","0","0","1"
"15","reversibility","1","0","0","0","1"
"15","colderForHeating","0","0","0","0","1"
"15","warmerForHeating","0","0","0","0","1"
"15","en145112Certification","0","0","0","0","1"
"15","heatSource","1","0","0","0","1"
"15","additionalOutdoorAir","0","0","0","0","1"
"15","additionalExhaustAir","0","0","0","0","1"
"15","additionalIndoorAir","0","0","0","0","1"
"15","additionalNonheatedSpaceAir","0","0","0","0","1"
"15","powerSupply","3","0","0","0","1"
"15","offPeakProduct","2","0","0","0","1"
"15","EN14511_4_001","2","0","10","0","2"
"15","EN14511_4_002","2","0","10","0","2"
"15","EN14511_2_001","2.28","4","10","0","2"
"15","EN14511_2_001","2.40","5","10","0","2"
"15","EN14511_2_002","0.46","4","10","0","2"
"15","EN14511_2_002","0.90","5","10","0","2"
"15","EN14511_2_003","4.96","4","10","0","2"
"15","EN14511_2_003","2.68","5","10","0","2"
"15","EN14511_4_003","2","0","10","0","2"
"15","EN14511_4_004","2","0","10","0","2"
"15","EN14511_4_005","2","0","10","0","2"
"15","EN14511_4_006","2","0","10","0","2"
"15","EN12102_1_001","49","4","1","0","2"
"15","EN12102_1_001","49","5","1","0","2"
"15","EN12102_1_001","49","4","2","0","2"
"15","EN12102_1_001","49","5","2","0","2"
"15","EN12102_1_001","49","4","3","0","2"
"15","EN12102_1_001","49","5","3","0","2"
"15","EN12102_1_002","47","4","1","0","2"
"15","EN12102_1_002","47","5","1","0","2"
"15","EN12102_1_002","47","4","2","0","2"
"15","EN12102_1_002","47","5","2","0","2"
"15","EN12102_1_002","47","4","3","0","2"
"15","EN12102_1_002","47","5","3","0","2"
"15","EN14825_001","241","4","1","0","2"
"15","EN14825_001","167","5","1","0","2"
"15","EN14825_001","167","4","2","0","2"
"15","EN14825_001","125","5","2","0","2"
"15","EN14825_001","189","4","3","0","2"
"15","EN14825_001","137","5","3","0","2"
"15","EN14825_002","6.27","4","1","0","2"
"15","EN14825_002","5.60","5","1","0","2"
"15","EN14825_002","5.11","4","2","0","2"
"15","EN14825_002","4.82","5","2","0","2"
"15","EN14825_002","5.43","4","3","0","2"
"15","EN14825_002","4.56","5","3","0","2"
"15","EN14825_003","6.11","4","1","0","2"
"15","EN14825_003","4.25","5","1","0","2"
"15","EN14825_003","4.26","4","2","0","2"
"15","EN14825_003","3.20","5","2","0","2"
"15","EN14825_003","4.81","4","3","0","2"
"15","EN14825_003","3.50","5","3","0","2"
"15","EN14825_004","2","4","1","0","2"
"15","EN14825_004","2","5","1","0","2"
"15","EN14825_004","-17","4","2","0","2"
"15","EN14825_004","-17","5","2","0","2"
"15","EN14825_004","-10","4","3","0","2"
"15","EN14825_004","-10","5","3","0","2"
"15","EN14825_005","2","4","1","0","2"
"15","EN14825_005","2","5","1","0","2"
"15","EN14825_005","-20","4","2","0","2"
"15","EN14825_005","-19","5","2","0","2"
"15","EN14825_005","-10","4","3","0","2"
"15","EN14825_005","-10","5","3","0","2"
"15","EN14825_008","3.20","4","2","0","2"
"15","EN14825_008","3.01","5","2","0","2"
"15","EN14825_008","4.90","4","3","0","2"
"15","EN14825_008","4.26","5","3","0","2"
"15","EN14825_009","3.49","4","2","0","2"
"15","EN14825_009","2.66","5","2","0","2"
"15","EN14825_009","2.99","4","3","0","2"
"15","EN14825_009","2.21","5","3","0","2"
"15","EN14825_010","6.27","4","1","0","2"
"15","EN14825_010","5.60","5","1","0","2"
"15","EN14825_010","1.80","4","2","0","2"
"15","EN14825_010","1.91","5","2","0","2"
"15","EN14825_010","2.92","4","3","0","2"
"15","EN14825_010","2.57","5","3","0","2"
"15","EN14825_011","2.95","4","1","0","2"
"15","EN14825_011","2.16","5","1","0","2"
"15","EN14825_011","5.32","4","2","0","2"
"15","EN14825_011","4.05","5","2","0","2"
"15","EN14825_011","4.74","4","3","0","2"
"15","EN14825_011","3.55","5","3","0","2"
"15","EN14825_012","4.09","4","1","0","2"
"15","EN14825_012","3.77","5","1","0","2"
"15","EN14825_012","1.19","4","2","0","2"
"15","EN14825_012","2.15","5","2","0","2"
"15","EN14825_012","1.84","4","3","0","2"
"15","EN14825_012","2.11","5","3","0","2"
"15","EN14825_013","5.41","4","1","0","2"
"15","EN14825_013","3.76","5","1","0","2"
"15","EN14825_013","6.54","4","2","0","2"
"15","EN14825_013","4.78","5","2","0","2"
"15","EN14825_013","6.41","4","3","0","2"
"15","EN14825_013","4.47","5","3","0","2"
"15","EN14825_014","1.79","4","1","0","2"
"15","EN14825_014","2.54","5","1","0","2"
"15","EN14825_014","1.31","4","2","0","2"
"15","EN14825_014","2.61","5","2","0","2"
"15","EN14825_014","1.33","4","3","0","2"
"15","EN14825_014","2.56","5","3","0","2"
"15","EN14825_015","7.85","4","1","0","2"
"15","EN14825_015","5.64","5","1","0","2"
"15","EN14825_015","7.19","4","2","0","2"
"15","EN14825_015","6.16","5","2","0","2"
"15","EN14825_015","7.37","4","3","0","2"
"15","EN14825_015","5.82","5","3","0","2"
"15","EN14825_016","6.27","4","1","0","2"
"15","EN14825_016","5.60","5","1","0","2"
"15","EN14825_016","4.45","4","2","0","2"
"15","EN14825_016","4.20","5","2","0","2"
"15","EN14825_016","5.43","4","3","0","2"
"15","EN14825_016","4.56","5","3","0","2"
"15","EN14825_017","2.95","4","1","0","2"
"15","EN14825_017","2.16","5","1","0","2"
"15","EN14825_017","2.38","4","2","0","2"
"15","EN14825_017","1.73","5","2","0","2"
"15","EN14825_017","2.58","4","3","0","2"
"15","EN14825_017","1.87","5","3","0","2"
"15","EN14825_018","6.27","4","1","0","2"
"15","EN14825_018","5.60","5","1","0","2"
"15","EN14825_018","4.07","4","2","0","2"
"15","EN14825_018","3.39","5","2","0","2"
"15","EN14825_018","5.43","4","3","0","2"
"15","EN14825_018","4.56","5","3","0","2"
"15","EN14825_019","2.95","4","1","0","2"
"15","EN14825_019","2.16","5","1","0","2"
"15","EN14825_019","2.20","4","2","0","2"
"15","EN14825_019","1.62","5","2","0","2"
"15","EN14825_019","2.58","4","3","0","2"
"15","EN14825_019","1.87","5","3","0","2"
"15","EN14825_022","60","4","1","0","2"
"15","EN14825_022","60","5","1","0","2"
"15","EN14825_022","60","4","2","0","2"
"15","EN14825_022","60","5","2","0","2"
"15","EN14825_022","60","4","3","0","2"
"15","EN14825_022","60","5","3","0","2"
"15","EN14825_023","22","4","1","0","2"
"15","EN14825_023","22","5","1","0","2"
"15","EN14825_023","22","4","2","0","2"
"15","EN14825_023","22","5","2","0","2"
"15","EN14825_023","22","4","3","0","2"
"15","EN14825_023","22","5","3","0","2"
"15","EN14825_024","22","4","1","0","2"
"15","EN14825_024","22","5","1","0","2"
"15","EN14825_024","22","4","2","0","2"
"15","EN14825_024","22","5","2","0","2"
"15","EN14825_024","22","4","3","0","2"
"15","EN14825_024","22","5","3","0","2"
"15","EN14825_025","22","4","1","0","2"
"15","EN14825_025","22","5","1","0","2"
"15","EN14825_025","22","4","2","0","2"
"15","EN14825_025","22","5","2","0","2"
"15","EN14825_025","22","4","3","0","2"
"15","EN14825_025","22","5","3","0","2"
"15","EN14825_026","4","4","1","0","2"
"15","EN14825_026","4","5","1","0","2"
"15","EN14825_026","4","4","2","0","2"
"15","EN14825_026","4","5","2","0","2"
"15","EN14825_026","4","4","3","0","2"
"15","EN14825_026","4","5","3","0","2"
"15","EN14825_027","1","4","1","0","2"
"15","EN14825_027","1","5","1","0","2"
"15","EN14825_027","1","4","2","0","2"
"15","EN14825_027","1","5","2","0","2"
"15","EN14825_027","1","4","3","0","2"
"15","EN14825_027","1","5","3","0","2"
"15","EN14825_028","0.00","4","1","0","2"
"15","EN14825_028","0.00","5","1","0","2"
"15","EN14825_028","5.11","4","2","0","2"
"15","EN14825_028","4.82","5","2","0","2"
"15","EN14825_028","0.00","4","3","0","2"
"15","EN14825_028","0.00","5","3","0","2"
"15","EN14825_029","1371","4","1","0","2"
"15","EN14825_029","1762","5","1","0","2"
"15","EN14825_029","2956","4","2","0","2"
"15","EN14825_029","3715","5","2","0","2"
"15","EN14825_029","2335","4","3","0","2"
"15","EN14825_029","2689","5","3","0","2"
"15","EN14825_044","4.15","4","2","0","2"
"15","EN14825_044","3.89","5","2","0","2"
"15","EN14825_045","2.62","4","2","0","2"
"15","EN14825_045","1.94","5","2","0","2"
"4","title","Buderus Logatherm WLW196i-6 ARTS185","0","0","0","1"
"4","application","4","0","0","0","1"
"4","indoor","1","0","0","0","1"
"4","outdoor","1","0","0","0","1"
"4","coolingMode7c12c","0","0","0","0","1"
"4","coolingMode18c23c","0","0","0","0","1"
"4","colderClimate","1","0","0","0","1"
"4","warmerClimate","1","0","0","0","1"
"4","reversibility","1","0","0","0","1"
"4","colderForHeating","0","0","0","0","1"
"4","warmerForHeating","0","0","0","0","1"
"4","en145112Certification","0","0","0","0","1"
"4","heatSource","1","0","0","0","1"
"4","additionalOutdoorAir","0","0","0","0","1"
"4","additionalExhaustAir","0","0","0","0","1"
"4","additionalIndoorAir","0","0","0","0","1"
"4","additionalNonheatedSpaceAir","0","0","0","0","1"
"4","powerSupply","3","0","0","0","1"
"4","offPeakProduct","2","0","0","0","1"
"4","EN14511_4_001","2","0","10","0","2"
"4","EN14511_4_002","2","0","10","0","2"
"4","EN14511_2_001","2.29","4","10","0","2"
"4","EN14511_2_001","2.40","5","10","0","2"
"4","EN14511_2_002","0.43","4","10","0","2"
"4","EN14511_2_002","0.88","5","10","0","2"
"4","EN14511_2_003","5.27","4","10","0","2"
"4","EN14511_2_003","2.75","5","10","0","2"
"4","EN14511_4_003","2","0","10","0","2"
"4","EN14511_4_004","2","0","10","0","2"
"4","EN14511_4_005","2","0","10","0","2"
"4","EN14511_4_006","2","0","10","0","2"
"4","EN12102_1_001","25","4","1","0","2"
"4","EN12102_1_001","25","5","1","0","2"
"4","EN12102_1_001","25","4","2","0","2"
"4","EN12102_1_001","25","5","2","0","2"
"4","EN12102_1_001","25","4","3","0","2"
"4","EN12102_1_001","25","5","3","0","2"
"4","EN12102_1_002","47","4","1","0","2"
"4","EN12102_1_002","47","5","1","0","2"
"4","EN12102_1_002","47","4","2","0","2"
"4","EN12102_1_002","47","5","2","0","2"
"4","EN12102_1_002","47","4","3","0","2"
"4","EN12102_1_002","47","5","3","0","2"
"4","EN14825_001","261","4","1","0","2"
"4","EN14825_001","175","5","1","0","2"
"4","EN14825_001","178","4","2","0","2"
"4","EN14825_001","130","5","2","0","2"
"4","EN14825_001","202","4","3","0","2"
"4","EN14825_001","143","5","3","0","2"
"4","EN14825_002","6.27","4","1","0","2"
"4","EN14825_002","5.60","5","1","0","2"
"4","EN14825_002","5.11","4","2","0","2"
"4","EN14825_002","4.82","5","2","0","2"
"4","EN14825_002","5.43","4","3","0","2"
"4","EN14825_002","4.56","5","3","0","2"
"4","EN14825_003","6.59","4","1","0","2"
"4","EN14825_003","4.45","5","1","0","2"
"4","EN14825_003","4.53","4","2","0","2"
"4","EN14825_003","3.32","5","2","0","2"
"4","EN14825_003","5.13","4","3","0","2"
"4","EN14825_003","3.65","5","3","0","2"
"4","EN14825_004","2","4","1","0","2"
"4","EN14825_004","2","5","1","0","2"
"4","EN14825_004","-17","4","2","0","2"
"4","EN14825_004","-17","5","2","0","2"
"4","EN14825_004","-10","4","3","0","2"
"4","EN14825_004","-10","5","3","0","2"
"4","EN14825_005","2","4","1","0","2"
"4","EN14825_005","2","5","1","0","2"
"4","EN14825_005","-20","4","2","0","2"
"4","EN14825_005","-19","5","2","0","2"
"4","EN14825_005","-10","4","3","0","2"
"4","EN14825_005","-10","5","3","0","2"
"4","EN14825_008","3.20","4","2","0","2"
"4","EN14825_008","3.01","5","2","0","2"
"4","EN14825_008","4.91","4","3","0","2"
"4","EN14825_008","4.26","5","3","0","2"
"4","EN14825_009","3.61","4","2","0","2"
"4","EN14825_009","2.72","5","2","0","2"
"4","EN14825_009","3.08","4","3","0","2"
"4","EN14825_009","2.24","5","3","0","2"
"4","EN14825_010","6.27","4","1","0","2"
"4","EN14825_010","5.60","5","1","0","2"
"4","EN14825_010","1.80","4","2","0","2"
"4","EN14825_010","1.91","5","2","0","2"
"4","EN14825_010","2.92","4","3","0","2"
"4","EN14825_010","2.57","5","3","0","2"
"4","EN14825_011","3.05","4","1","0","2"
"4","EN14825_011","2.19","5","1","0","2"
"4","EN14825_011","5.73","4","2","0","2"
"4","EN14825_011","4.24","5","2","0","2"
"4","EN14825_011","5.00","4","3","0","2"
"4","EN14825_011","3.66","5","3","0","2"
"4","EN14825_012","4.09","4","1","0","2"
"4","EN14825_012","3.77","5","1","0","2"
"4","EN14825_012","1.19","4","2","0","2"
"4","EN14825_012","2.15","5","2","0","2"
"4","EN14825_012","1.84","4","3","0","2"
"4","EN14825_012","2.11","5","3","0","2"
"4","EN14825_013","5.70","4","1","0","2"
"4","EN14825_013","3.86","5","1","0","2"
"4","EN14825_013","7.41","4","2","0","2"
"4","EN14825_013","5.03","5","2","0","2"
"4","EN14825_013","6.99","4","3","0","2"
"4","EN14825_013","4.68","5","3","0","2"
"4","EN14825_014","1.79","4","1","0","2"
"4","EN14825_014","2.54","5","1","0","2"
"4","EN14825_014","1.31","4","2","0","2"
"4","EN14825_014","2.61","5","2","0","2"
"4","EN14825_014","1.33","4","3","0","2"
"4","EN14825_014","2.56","5","3","0","2"
"4","EN14825_015","8.77","4","1","0","2"
"4","EN14825_015","5.94","5","1","0","2"
"4","EN14825_015","8.16","4","2","0","2"
"4","EN14825_015","6.52","5","2","0","2"
"4","EN14825_015","8.38","4","3","0","2"
"4","EN14825_015","6.14","5","3","0","2"
"4","EN14825_016","6.27","4","1","0","2"
"4","EN14825_016","5.60","5","1","0","2"
"4","EN14825_016","4.45","4","2","0","2"
"4","EN14825_016","4.20","5","2","0","2"
"4","EN14825_016","5.43","4","3","0","2"
"4","EN14825_016","4.56","5","3","0","2"
"4","EN14825_017","3.05","4","1","0","2"
"4","EN14825_017","2.19","5","1","0","2"
"4","EN14825_017","2.43","4","2","0","2"
"4","EN14825_017","1.75","5","2","0","2"
"4","EN14825_017","2.64","4","3","0","2"
"4","EN14825_017","1.89","5","3","0","2"
"4","EN14825_018","6.27","4","1","0","2"
"4","EN14825_018","5.60","5","1","0","2"
"4","EN14825_018","4.07","4","2","0","2"
"4","EN14825_018","3.39","5","2","0","2"
"4","EN14825_018","5.43","4","3","0","2"
"4","EN14825_018","4.56","5","3","0","2"
"4","EN14825_019","3.05","4","1","0","2"
"4","EN14825_019","2.19","5","1","0","2"
"4","EN14825_019","2.25","4","2","0","2"
"4","EN14825_019","1.65","5","2","0","2"
"4","EN14825_019","2.64","4","3","0","2"
"4","EN14825_019","1.89","5","3","0","2"
"4","EN14825_021","0.90","4","3","0","2"
"4","EN14825_021","1.00","5","3","0","2"
"4","EN14825_022","60","4","1","0","2"
"4","EN14825_022","60","5","1","0","2"
"4","EN14825_022","60","4","2","0","2"
"4","EN14825_022","60","5","2","0","2"
"4","EN14825_022","60","4","3","0","2"
"4","EN14825_022","60","5","3","0","2"
"4","EN14825_023","22","4","1","0","2"
"4","EN14825_023","22","5","1","0","2"
"4","EN14825_023","22","4","2","0","2"
"4","EN14825_023","22","5","2","0","2"
"4","EN14825_023","22","4","3","0","2"
"4","EN14825_023","22","5","3","0","2"
"4","EN14825_024","22","4","1","0","2"
"4","EN14825_024","22","5","1","0","2"
"4","EN14825_024","22","4","2","0","2"
"4","EN14825_024","22","5","2","0","2"
"4","EN14825_024","22","4","3","0","2"
"4","EN14825_024","22","5","3","0","2"
"4","EN14825_025","22","4","1","0","2"
"4","EN14825_025","22","5","1","0","2"
"4","EN14825_025","22","4","2","0","2"
"4","EN14825_025","22","5","2","0","2"
"4","EN14825_025","22","4","3","0","2"
"4","EN14825_025","22","5","3","0","2"
"4","EN14825_026","4","4","1","0","2"
"4","EN14825_026","4","5","1","0","2"
"4","EN14825_026","4","4","2","0","2"
"4","EN14825_026","4","5","2","0","2"
"4","EN14825_026","4","4","3","0","2"
"4","EN14825_026","4","5","3","0","2"
"4","EN14825_027","1","4","1","0","2"
"4","EN14825_027","1","5","1","0","2"
"4","EN14825_027","1","4","2","0","2"
"4","EN14825_027","1","5","2","0","2"
"4","EN14825_027","1","4","3","0","2"
"4","EN14825_027","1","5","3","0","2"
"4","EN14825_028","0.00","4","1","0","2"
"4","EN14825_028","0.00","5","1","0","2"
"4","EN14825_028","5.11","4","2","0","2"
"4","EN14825_028","4.82","5","2","0","2"
"4","EN14825_028","0.00","4","3","0","2"
"4","EN14825_028","0.00","5","3","0","2"
"4","EN14825_029","1270","4","1","0","2"
"4","EN14825_029","1683","5","1","0","2"
"4","EN14825_029","2781","4","2","0","2"
"4","EN14825_029","3575","5","2","0","2"
"4","EN14825_029","2190","4","3","0","2"
"4","EN14825_029","2580","5","3","0","2"
"4","EN14825_044","4.15","4","2","0","2"
"4","EN14825_044","1.97","5","2","0","2"
"4","EN14825_045","2.68","4","2","0","2"
"4","EN14825_045","1.97","5","2","0","2"
"4","EN16147_001","L","0","1","0","2"
"4","EN16147_001","L","0","2","0","2"
"4","EN16147_001","L","0","3","0","2"
"4","EN16147_002","109","0","1","0","2"
"4","EN16147_002","95","0","2","0","2"
"4","EN16147_002","103","0","3","0","2"
"4","EN16147_003","2.58","0","1","0","2"
"4","EN16147_003","2.21","0","2","0","2"
"4","EN16147_003","2.43","0","3","0","2"
"4","EN16147_004","02:34","0","1","0","2"
"4","EN16147_004","04:09","0","2","0","2"
"4","EN16147_004","03:18","0","3","0","2"
"4","EN16147_005","47.0","0","1","0","2"
"4","EN16147_005","73.0","0","2","0","2"
"4","EN16147_005","53.0","0","3","0","2"
"4","EN16147_006","52.8","0","1","0","2"
"4","EN16147_006","51.2","0","2","0","2"
"4","EN16147_006","53.2","0","3","0","2"
"4","EN16147_007","257","0","1","0","2"
"4","EN16147_007","259","0","2","0","2"
"4","EN16147_007","263","0","3","0","2"
"6","title","Buderus Logatherm WLW196i-6 IRB","0","0","0","1"
"6","application","2","0","0","0","1"
"6","indoor","1","0","0","0","1"
"6","outdoor","1","0","0","0","1"
"6","coolingMode7c12c","0","0","0","0","1"
"6","coolingMode18c23c","0","0","0","0","1"
"6","colderClimate","1","0","0","0","1"
"6","warmerClimate","1","0","0","0","1"
"6","reversibility","1","0","0","0","1"
"6","colderForHeating","0","0","0","0","1"
"6","warmerForHeating","0","0","0","0","1"
"6","en145112Certification","0","0","0","0","1"
"6","heatSource","1","0","0","0","1"
"6","additionalOutdoorAir","0","0","0","0","1"
"6","additionalExhaustAir","0","0","0","0","1"
"6","additionalIndoorAir","0","0","0","0","1"
"6","additionalNonheatedSpaceAir","0","0","0","0","1"
"6","powerSupply","1","0","0","0","1"
"6","offPeakProduct","2","0","0","0","1"
"6","EN14511_4_001","2","0","10","0","2"
"6","EN14511_4_002","2","0","10","0","2"
"6","EN14511_2_001","2.29","4","10","0","2"
"6","EN14511_2_001","2.34","5","10","0","2"
"6","EN14511_2_002","0.46","4","10","0","2"
"6","EN14511_2_002","0.87","5","10","0","2"
"6","EN14511_2_003","4.96","4","10","0","2"
"6","EN14511_2_003","2.67","5","10","0","2"
"6","EN14511_4_003","2","0","10","0","2"
"6","EN14511_4_004","2","0","10","0","2"
"6","EN14511_4_005","2","0","10","0","2"
"6","EN14511_4_006","2","0","10","0","2"
"6","EN12102_1_001","48","4","1","0","2"
"6","EN12102_1_001","48","5","1","0","2"
"6","EN12102_1_001","48","4","2","0","2"
"6","EN12102_1_001","48","5","2","0","2"
"6","EN12102_1_001","48","4","3","0","2"
"6","EN12102_1_001","48","5","3","0","2"
"6","EN12102_1_002","36","4","1","0","2"
"6","EN12102_1_002","36","5","1","0","2"
"6","EN12102_1_002","36","4","2","0","2"
"6","EN12102_1_002","36","5","2","0","2"
"6","EN12102_1_002","36","4","3","0","2"
"6","EN12102_1_002","36","5","3","0","2"
"6","EN14825_001","255","4","1","0","2"
"6","EN14825_001","163","5","1","0","2"
"6","EN14825_001","168","4","2","0","2"
"6","EN14825_001","128","5","2","0","2"
"6","EN14825_001","184","4","3","0","2"
"6","EN14825_001","140","5","3","0","2"
"6","EN14825_002","5.77","4","1","0","2"
"6","EN14825_002","5.08","5","1","0","2"
"6","EN14825_002","5.27","4","2","0","2"
"6","EN14825_002","4.82","5","2","0","2"
"6","EN14825_002","5.18","4","3","0","2"
"6","EN14825_002","4.20","5","3","0","2"
"6","EN14825_003","6.45","4","1","0","2"
"6","EN14825_003","4.16","5","1","0","2"
"6","EN14825_003","4.27","4","2","0","2"
"6","EN14825_003","3.28","5","2","0","2"
"6","EN14825_003","4.68","4","3","0","2"
"6","EN14825_003","3.57","5","3","0","2"
"6","EN14825_004","2","4","1","0","2"
"6","EN14825_004","2","5","1","0","2"
"6","EN14825_004","-16","4","2","0","2"
"6","EN14825_004","-15","5","2","0","2"
"6","EN14825_004","-10","4","3","0","2"
"6","EN14825_004","-10","5","3","0","2"
"6","EN14825_005","2","4","1","0","2"
"6","EN14825_005","2","5","1","0","2"
"6","EN14825_005","-20","4","2","0","2"
"6","EN14825_005","-18","5","2","0","2"
"6","EN14825_005","-10","4","3","0","2"
"6","EN14825_005","-10","5","3","0","2"
"6","EN14825_008","3.20","4","2","0","2"
"6","EN14825_008","2.91","5","2","0","2"
"6","EN14825_008","4.67","4","3","0","2"
"6","EN14825_008","3.86","5","3","0","2"
"6","EN14825_009","3.17","4","2","0","2"
"6","EN14825_009","2.72","5","2","0","2"
"6","EN14825_009","2.95","4","3","0","2"
"6","EN14825_009","2.24","5","3","0","2"
"6","EN14825_010","5.77","4","1","0","2"
"6","EN14825_010","5.08","5","1","0","2"
"6","EN14825_010","1.80","4","2","0","2"
"6","EN14825_010","1.91","5","2","0","2"
"6","EN14825_010","2.81","4","3","0","2"
"6","EN14825_010","2.38","5","3","0","2"
"6","EN14825_011","2.91","4","1","0","2"
"6","EN14825_011","2.09","5","1","0","2"
"6","EN14825_011","5.73","4","2","0","2"
"6","EN14825_011","4.24","5","2","0","2"
"6","EN14825_011","4.26","4","3","0","2"
"6","EN14825_011","3.66","5","3","0","2"
"6","EN14825_012","3.39","4","1","0","2"
"6","EN14825_012","3.55","5","1","0","2"
"6","EN14825_012","1.14","4","2","0","2"
"6","EN14825_012","2.15","5","2","0","2"
"6","EN14825_012","1.84","4","3","0","2"
"6","EN14825_012","2.11","5","3","0","2"
"6","EN14825_013","5.70","4","1","0","2"
"6","EN14825_013","3.62","5","1","0","2"
"6","EN14825_013","7.41","4","2","0","2"
"6","EN14825_013","5.03","5","2","0","2"
"6","EN14825_013","6.99","4","3","0","2"
"6","EN14825_013","4.43","5","3","0","2"
"6","EN14825_014","1.79","4","1","0","2"
"6","EN14825_014","2.42","5","1","0","2"
"6","EN14825_014","1.31","4","2","0","2"
"6","EN14825_014","2.61","5","2","0","2"
"6","EN14825_014","1.33","4","3","0","2"
"6","EN14825_014","2.56","5","3","0","2"
"6","EN14825_015","8.45","4","1","0","2"
"6","EN14825_015","5.56","5","1","0","2"
"6","EN14825_015","8.16","4","2","0","2"
"6","EN14825_015","6.52","5","2","0","2"
"6","EN14825_015","8.06","4","3","0","2"
"6","EN14825_015","5.56","5","3","0","2"
"6","EN14825_016","5.77","4","1","0","2"
"6","EN14825_016","5.08","5","1","0","2"
"6","EN14825_016","4.45","4","2","0","2"
"6","EN14825_016","3.89","5","2","0","2"
"6","EN14825_016","5.18","4","3","0","2"
"6","EN14825_016","4.20","5","3","0","2"
"6","EN14825_017","2.91","4","1","0","2"
"6","EN14825_017","2.09","5","1","0","2"
"6","EN14825_017","2.43","4","2","0","2"
"6","EN14825_017","1.97","5","2","0","2"
"6","EN14825_017","2.64","4","3","0","2"
"6","EN14825_017","1.89","5","3","0","2"
"6","EN14825_018","5.77","4","1","0","2"
"6","EN14825_018","5.08","5","1","0","2"
"6","EN14825_018","3.50","4","2","0","2"
"6","EN14825_018","3.09","5","2","0","2"
"6","EN14825_018","5.18","4","3","0","2"
"6","EN14825_018","4.20","5","3","0","2"
"6","EN14825_019","2.91","4","1","0","2"
"6","EN14825_019","2.09","5","1","0","2"
"6","EN14825_019","2.07","4","2","0","2"
"6","EN14825_019","1.64","5","2","0","2"
"6","EN14825_019","2.64","4","3","0","2"
"6","EN14825_019","1.89","5","3","0","2"
"6","EN14825_021","1.00","4","3","0","2"
"6","EN14825_021","1.00","5","3","0","2"
"6","EN14825_022","60","4","1","0","2"
"6","EN14825_022","60","5","1","0","2"
"6","EN14825_022","60","4","2","0","2"
"6","EN14825_022","60","5","2","0","2"
"6","EN14825_022","60","4","3","0","2"
"6","EN14825_022","60","5","3","0","2"
"6","EN14825_023","22","4","1","0","2"
"6","EN14825_023","22","5","1","0","2"
"6","EN14825_023","22","4","2","0","2"
"6","EN14825_023","22","5","2","0","2"
"6","EN14825_023","22","4","3","0","2"
"6","EN14825_023","22","5","3","0","2"
"6","EN14825_024","22","4","1","0","2"
"6","EN14825_024","22","5","1","0","2"
"6","EN14825_024","22","4","2","0","2"
"6","EN14825_024","22","5","2","0","2"
"6","EN14825_024","22","4","3","0","2"
"6","EN14825_024","22","5","3","0","2"
"6","EN14825_025","22","4","1","0","2"
"6","EN14825_025","22","5","1","0","2"
"6","EN14825_025","22","4","2","0","2"
"6","EN14825_025","22","5","2","0","2"
"6","EN14825_025","22","4","3","0","2"
"6","EN14825_025","22","5","3","0","2"
"6","EN14825_026","4","4","1","0","2"
"6","EN14825_026","4","5","1","0","2"
"6","EN14825_026","4","4","2","0","2"
"6","EN14825_026","4","5","2","0","2"
"6","EN14825_026","4","4","3","0","2"
"6","EN14825_026","4","5","3","0","2"
"6","EN14825_027","0","4","1","0","2"
"6","EN14825_027","0","5","1","0","2"
"6","EN14825_027","0","4","2","0","2"
"6","EN14825_027","0","5","2","0","2"
"6","EN14825_027","0","4","3","0","2"
"6","EN14825_027","0","5","3","0","2"
"6","EN14825_028","0.00","4","1","0","2"
"6","EN14825_028","0.00","5","1","0","2"
"6","EN14825_028","0.00","4","2","0","2"
"6","EN14825_028","0.00","5","2","0","2"
"6","EN14825_028","0.00","4","3","0","2"
"6","EN14825_028","0.00","5","3","0","2"
"6","EN14825_029","1195","4","1","0","2"
"6","EN14825_029","1631","5","1","0","2"
"6","EN14825_029","3040","4","2","0","2"
"6","EN14825_029","3621","5","2","0","2"
"6","EN14825_029","2289","4","3","0","2"
"6","EN14825_029","2431","5","3","0","2"
"6","EN14825_044","4.15","4","2","0","2"
"6","EN14825_044","1.97","5","2","0","2"
"6","EN14825_045","2.44","4","2","0","2"
"6","EN14825_045","1.97","5","2","0","2"
"5","title","Buderus Logatherm WLW196i-6 IRE","0","0","0","1"
"5","application","2","0","0","0","1"
"5","indoor","1","0","0","0","1"
"5","outdoor","1","0","0","0","1"
"5","coolingMode7c12c","0","0","0","0","1"
"5","coolingMode18c23c","0","0","0","0","1"
"5","colderClimate","1","0","0","0","1"
"5","warmerClimate","1","0","0","0","1"
"5","reversibility","1","0","0","0","1"
"5","colderForHeating","0","0","0","0","1"
"5","warmerForHeating","0","0","0","0","1"
"5","en145112Certification","0","0","0","0","1"
"5","heatSource","1","0","0","0","1"
"5","additionalOutdoorAir","0","0","0","0","1"
"5","additionalExhaustAir","0","0","0","0","1"
"5","additionalIndoorAir","0","0","0","0","1"
"5","additionalNonheatedSpaceAir","0","0","0","0","1"
"5","powerSupply","3","0","0","0","1"
"5","offPeakProduct","2","0","0","0","1"
"5","EN14511_4_001","2","0","10","0","2"
"5","EN14511_4_002","2","0","10","0","2"
"5","EN14511_2_001","2.29","4","10","0","2"
"5","EN14511_2_001","2.34","5","10","0","2"
"5","EN14511_2_002","0.46","4","10","0","2"
"5","EN14511_2_002","0.87","5","10","0","2"
"5","EN14511_2_003","4.96","4","10","0","2"
"5","EN14511_2_003","2.67","5","10","0","2"
"5","EN14511_4_003","2","0","10","0","2"
"5","EN14511_4_004","2","0","10","0","2"
"5","EN14511_4_005","2","0","10","0","2"
"5","EN14511_4_006","2","0","10","0","2"
"5","EN12102_1_001","48","4","1","0","2"
"5","EN12102_1_001","48","5","1","0","2"
"5","EN12102_1_001","48","4","2","0","2"
"5","EN12102_1_001","48","5","2","0","2"
"5","EN12102_1_001","48","4","3","0","2"
"5","EN12102_1_001","48","5","3","0","2"
"5","EN12102_1_002","36","4","1","0","2"
"5","EN12102_1_002","36","5","1","0","2"
"5","EN12102_1_002","36","4","2","0","2"
"5","EN12102_1_002","36","5","2","0","2"
"5","EN12102_1_002","36","4","3","0","2"
"5","EN12102_1_002","36","5","3","0","2"
"5","EN14825_001","255","4","1","0","2"
"5","EN14825_001","163","5","1","0","2"
"5","EN14825_001","168","4","2","0","2"
"5","EN14825_001","128","5","2","0","2"
"5","EN14825_001","184","4","3","0","2"
"5","EN14825_001","140","5","3","0","2"
"5","EN14825_002","5.77","4","1","0","2"
"5","EN14825_002","5.08","5","1","0","2"
"5","EN14825_002","5.27","4","2","0","2"
"5","EN14825_002","4.82","5","2","0","2"
"5","EN14825_002","5.18","4","3","0","2"
"5","EN14825_002","4.20","5","3","0","2"
"5","EN14825_003","6.45","4","1","0","2"
"5","EN14825_003","4.16","5","1","0","2"
"5","EN14825_003","4.27","4","2","0","2"
"5","EN14825_003","3.28","5","2","0","2"
"5","EN14825_003","4.68","4","3","0","2"
"5","EN14825_003","3.57","5","3","0","2"
"5","EN14825_004","2","4","1","0","2"
"5","EN14825_004","2","5","1","0","2"
"5","EN14825_004","-16","4","2","0","2"
"5","EN14825_004","-15","5","2","0","2"
"5","EN14825_004","-10","4","3","0","2"
"5","EN14825_004","-10","5","3","0","2"
"5","EN14825_005","2","4","1","0","2"
"5","EN14825_005","2","5","1","0","2"
"5","EN14825_005","-20","4","2","0","2"
"5","EN14825_005","-18","5","2","0","2"
"5","EN14825_005","-10","4","3","0","2"
"5","EN14825_005","-10","5","3","0","2"
"5","EN14825_008","3.20","4","2","0","2"
"5","EN14825_008","2.91","5","2","0","2"
"5","EN14825_008","4.67","4","3","0","2"
"5","EN14825_008","3.86","5","3","0","2"
"5","EN14825_009","3.17","4","2","0","2"
"5","EN14825_009","2.72","5","2","0","2"
"5","EN14825_009","2.95","4","3","0","2"
"5","EN14825_009","2.24","5","3","0","2"
"5","EN14825_010","5.77","4","1","0","2"
"5","EN14825_010","5.08","5","1","0","2"
"5","EN14825_010","1.80","4","2","0","2"
"5","EN14825_010","1.91","5","2","0","2"
"5","EN14825_010","2.81","4","3","0","2"
"5","EN14825_010","2.38","5","3","0","2"
"5","EN14825_011","2.91","4","1","0","2"
"5","EN14825_011","2.09","5","1","0","2"
"5","EN14825_011","5.73","4","2","0","2"
"5","EN14825_011","4.24","5","2","0","2"
"5","EN14825_011","4.26","4","3","0","2"
"5","EN14825_011","3.66","5","3","0","2"
"5","EN14825_012","3.39","4","1","0","2"
"5","EN14825_012","3.55","5","1","0","2"
"5","EN14825_012","1.14","4","2","0","2"
"5","EN14825_012","2.15","5","2","0","2"
"5","EN14825_012","1.84","4","3","0","2"
"5","EN14825_012","2.11","5","3","0","2"
"5","EN14825_013","5.70","4","1","0","2"
"5","EN14825_013","3.62","5","1","0","2"
"5","EN14825_013","7.41","4","2","0","2"
"5","EN14825_013","5.03","5","2","0","2"
"5","EN14825_013","6.99","4","3","0","2"
"5","EN14825_013","4.43","5","3","0","2"
"5","EN14825_014","1.79","4","1","0","2"
"5","EN14825_014","2.42","5","1","0","2"
"5","EN14825_014","1.31","4","2","0","2"
"5","EN14825_014","2.61","5","2","0","2"
"5","EN14825_014","1.33","4","3","0","2"
"5","EN14825_014","2.56","5","3","0","2"
"5","EN14825_015","8.45","4","1","0","2"
"5","EN14825_015","5.56","5","1","0","2"
"5","EN14825_015","8.16","4","2","0","2"
"5","EN14825_015","6.52","5","2","0","2"
"5","EN14825_015","8.06","4","3","0","2"
"5","EN14825_015","5.56","5","3","0","2"
"5","EN14825_016","5.77","4","1","0","2"
"5","EN14825_016","5.08","5","1","0","2"
"5","EN14825_016","4.45","4","2","0","2"
"5","EN14825_016","3.89","5","2","0","2"
"5","EN14825_016","5.18","4","3","0","2"
"5","EN14825_016","4.20","5","3","0","2"
"5","EN14825_017","2.91","4","1","0","2"
"5","EN14825_017","2.09","5","1","0","2"
"5","EN14825_017","2.43","4","2","0","2"
"5","EN14825_017","1.97","5","2","0","2"
"5","EN14825_017","2.64","4","3","0","2"
"5","EN14825_017","1.89","5","3","0","2"
"5","EN14825_018","5.77","4","1","0","2"
"5","EN14825_018","5.08","5","1","0","2"
"5","EN14825_018","3.50","4","2","0","2"
"5","EN14825_018","3.09","5","2","0","2"
"5","EN14825_018","5.18","4","3","0","2"
"5","EN14825_018","4.20","5","3","0","2"
"5","EN14825_019","2.91","4","1","0","2"
"5","EN14825_019","2.09","5","1","0","2"
"5","EN14825_019","2.07","4","2","0","2"
"5","EN14825_019","1.64","5","2","0","2"
"5","EN14825_019","2.64","4","3","0","2"
"5","EN14825_019","1.89","5","3","0","2"
"5","EN14825_021","1.00","4","3","0","2"
"5","EN14825_021","1.00","5","3","0","2"
"5","EN14825_022","60","4","1","0","2"
"5","EN14825_022","60","5","1","0","2"
"5","EN14825_022","60","4","2","0","2"
"5","EN14825_022","60","5","2","0","2"
"5","EN14825_022","60","4","3","0","2"
"5","EN14825_022","60","5","3","0","2"
"5","EN14825_023","22","4","1","0","2"
"5","EN14825_023","22","5","1","0","2"
"5","EN14825_023","22","4","2","0","2"
"5","EN14825_023","22","5","2","0","2"
"5","EN14825_023","22","4","3","0","2"
"5","EN14825_023","22","5","3","0","2"
"5","EN14825_024","22","4","1","0","2"
"5","EN14825_024","22","5","1","0","2"
"5","EN14825_024","22","4","2","0","2"
"5","EN14825_024","22","5","2","0","2"
"5","EN14825_024","22","4","3","0","2"
"5","EN14825_024","22","5","3","0","2"
"5","EN14825_025","22","4","1","0","2"
"5","EN14825_025","22","5","1","0","2"
"5","EN14825_025","22","4","2","0","2"
"5","EN14825_025","22","5","2","0","2"
"5","EN14825_025","22","4","3","0","2"
"5","EN14825_025","22","5","3","0","2"
"5","EN14825_026","4","4","1","0","2"
"5","EN14825_026","4","5","1","0","2"
"5","EN14825_026","4","4","2","0","2"
"5","EN14825_026","4","5","2","0","2"
"5","EN14825_026","4","4","3","0","2"
"5","EN14825_026","4","5","3","0","2"
"5","EN14825_027","1","4","1","0","2"
"5","EN14825_027","1","5","1","0","2"
"5","EN14825_027","1","4","2","0","2"
"5","EN14825_027","1","5","2","0","2"
"5","EN14825_027","1","4","3","0","2"
"5","EN14825_027","1","5","3","0","2"
"5","EN14825_028","0.00","4","1","0","2"
"5","EN14825_028","0.00","5","1","0","2"
"5","EN14825_028","5.27","4","2","0","2"
"5","EN14825_028","4.82","5","2","0","2"
"5","EN14825_028","0.00","4","3","0","2"
"5","EN14825_028","0.00","5","3","0","2"
"5","EN14825_029","1195","4","1","0","2"
"5","EN14825_029","1631","5","1","0","2"
"5","EN14825_029","3040","4","2","0","2"
"5","EN14825_029","3621","5","2","0","2"
"5","EN14825_029","2289","4","3","0","2"
"5","EN14825_029","2431","5","3","0","2"
"5","EN14825_044","4.15","4","2","0","2"
"5","EN14825_044","1.97","5","2","0","2"
"5","EN14825_045","2.44","4","2","0","2"
"5","EN14825_045","1.97","5","2","0","2"
"7","title","Buderus Logatherm WLW196i-6 IRT190","0","0","0","1"
"7","application","4","0","0","0","1"
"7","indoor","1","0","0","0","1"
"7","outdoor","1","0","0","0","1"
"7","coolingMode7c12c","0","0","0","0","1"
"7","coolingMode18c23c","0","0","0","0","1"
"7","colderClimate","1","0","0","0","1"
"7","warmerClimate","1","0","0","0","1"
"7","reversibility","1","0","0","0","1"
"7","colderForHeating","0","0","0","0","1"
"7","warmerForHeating","0","0","0","0","1"
"7","en145112Certification","0","0","0","0","1"
"7","heatSource","1","0","0","0","1"
"7","additionalOutdoorAir","0","0","0","0","1"
"7","additionalExhaustAir","0","0","0","0","1"
"7","additionalIndoorAir","0","0","0","0","1"
"7","additionalNonheatedSpaceAir","0","0","0","0","1"
"7","powerSupply","3","0","0","0","1"
"7","offPeakProduct","2","0","0","0","1"
"7","EN14511_4_001","2","0","10","0","2"
"7","EN14511_4_002","2","0","10","0","2"
"7","EN14511_2_001","2.29","4","10","0","2"
"7","EN14511_2_001","2.34","5","10","0","2"
"7","EN14511_2_002","0.46","4","10","0","2"
"7","EN14511_2_002","0.87","5","10","0","2"
"7","EN14511_2_003","4.96","4","10","0","2"
"7","EN14511_2_003","2.67","5","10","0","2"
"7","EN14511_4_003","2","0","10","0","2"
"7","EN14511_4_004","2","0","10","0","2"
"7","EN14511_4_005","2","0","10","0","2"
"7","EN14511_4_006","2","0","10","0","2"
"7","EN12102_1_001","48","4","1","0","2"
"7","EN12102_1_001","48","5","1","0","2"
"7","EN12102_1_001","48","4","2","0","2"
"7","EN12102_1_001","48","5","2","0","2"
"7","EN12102_1_001","48","4","3","0","2"
"7","EN12102_1_001","48","5","3","0","2"
"7","EN12102_1_002","36","4","1","0","2"
"7","EN12102_1_002","36","5","1","0","2"
"7","EN12102_1_002","36","4","2","0","2"
"7","EN12102_1_002","36","5","2","0","2"
"7","EN12102_1_002","36","4","3","0","2"
"7","EN12102_1_002","36","5","3","0","2"
"7","EN14825_001","255","4","1","0","2"
"7","EN14825_001","163","5","1","0","2"
"7","EN14825_001","168","4","2","0","2"
"7","EN14825_001","128","5","2","0","2"
"7","EN14825_001","184","4","3","0","2"
"7","EN14825_001","140","5","3","0","2"
"7","EN14825_002","5.77","4","1","0","2"
"7","EN14825_002","5.08","5","1","0","2"
"7","EN14825_002","5.27","4","2","0","2"
"7","EN14825_002","4.82","5","2","0","2"
"7","EN14825_002","5.18","4","3","0","2"
"7","EN14825_002","4.20","5","3","0","2"
"7","EN14825_003","6.45","4","1","0","2"
"7","EN14825_003","4.16","5","1","0","2"
"7","EN14825_003","4.27","4","2","0","2"
"7","EN14825_003","3.28","5","2","0","2"
"7","EN14825_003","4.68","4","3","0","2"
"7","EN14825_003","3.57","5","3","0","2"
"7","EN14825_004","2","4","1","0","2"
"7","EN14825_004","2","5","1","0","2"
"7","EN14825_004","-16","4","2","0","2"
"7","EN14825_004","-15","5","2","0","2"
"7","EN14825_004","-10","4","3","0","2"
"7","EN14825_004","-10","5","3","0","2"
"7","EN14825_005","2","4","1","0","2"
"7","EN14825_005","2","5","1","0","2"
"7","EN14825_005","-20","4","2","0","2"
"7","EN14825_005","-18","5","2","0","2"
"7","EN14825_005","-10","4","3","0","2"
"7","EN14825_005","-10","5","3","0","2"
"7","EN14825_008","3.20","4","2","0","2"
"7","EN14825_008","2.91","5","2","0","2"
"7","EN14825_008","4.67","4","3","0","2"
"7","EN14825_008","3.86","5","3","0","2"
"7","EN14825_009","3.17","4","2","0","2"
"7","EN14825_009","2.72","5","2","0","2"
"7","EN14825_009","2.95","4","3","0","2"
"7","EN14825_009","2.24","5","3","0","2"
"7","EN14825_010","5.77","4","1","0","2"
"7","EN14825_010","5.08","5","1","0","2"
"7","EN14825_010","1.80","4","2","0","2"
"7","EN14825_010","1.91","5","2","0","2"
"7","EN14825_010","2.81","4","3","0","2"
"7","EN14825_010","2.38","5","3","0","2"
"7","EN14825_011","2.91","4","1","0","2"
"7","EN14825_011","2.09","5","1","0","2"
"7","EN14825_011","5.73","4","2","0","2"
"7","EN14825_011","4.24","5","2","0","2"
"7","EN14825_011","4.26","4","3","0","2"
"7","EN14825_011","3.66","5","3","0","2"
"7","EN14825_012","3.39","4","1","0","2"
"7","EN14825_012","3.55","5","1","0","2"
"7","EN14825_012","1.14","4","2","0","2"
"7","EN14825_012","2.15","5","2","0","2"
"7","EN14825_012","1.84","4","3","0","2"
"7","EN14825_012","2.11","5","3","0","2"
"7","EN14825_013","5.70","4","1","0","2"
"7","EN14825_013","3.62","5","1","0","2"
"7","EN14825_013","7.41","4","2","0","2"
"7","EN14825_013","5.03","5","2","0","2"
"7","EN14825_013","6.99","4","3","0","2"
"7","EN14825_013","4.43","5","3","0","2"
"7","EN14825_014","1.79","4","1","0","2"
"7","EN14825_014","2.42","5","1","0","2"
"7","EN14825_014","1.31","4","2","0","2"
"7","EN14825_014","2.61","5","2","0","2"
"7","EN14825_014","1.33","4","3","0","2"
"7","EN14825_014","2.56","5","3","0","2"
"7","EN14825_015","8.45","4","1","0","2"
"7","EN14825_015","5.56","5","1","0","2"
"7","EN14825_015","8.16","4","2","0","2"
"7","EN14825_015","6.52","5","2","0","2"
"7","EN14825_015","8.06","4","3","0","2"
"7","EN14825_015","5.56","5","3","0","2"
"7","EN14825_016","5.77","4","1","0","2"
"7","EN14825_016","5.08","5","1","0","2"
"7","EN14825_016","4.45","4","2","0","2"
"7","EN14825_016","3.89","5","2","0","2"
"7","EN14825_016","5.18","4","3","0","2"
"7","EN14825_016","4.20","5","3","0","2"
"7","EN14825_017","2.91","4","1","0","2"
"7","EN14825_017","2.09","5","1","0","2"
"7","EN14825_017","2.43","4","2","0","2"
"7","EN14825_017","1.97","5","2","0","2"
"7","EN14825_017","2.64","4","3","0","2"
"7","EN14825_017","1.89","5","3","0","2"
"7","EN14825_018","5.77","4","1","0","2"
"7","EN14825_018","5.08","5","1","0","2"
"7","EN14825_018","3.50","4","2","0","2"
"7","EN14825_018","3.09","5","2","0","2"
"7","EN14825_018","5.18","4","3","0","2"
"7","EN14825_018","4.20","5","3","0","2"
"7","EN14825_019","2.91","4","1","0","2"
"7","EN14825_019","2.09","5","1","0","2"
"7","EN14825_019","2.07","4","2","0","2"
"7","EN14825_019","1.64","5","2","0","2"
"7","EN14825_019","2.64","4","3","0","2"
"7","EN14825_019","1.89","5","3","0","2"
"7","EN14825_021","1.00","4","3","0","2"
"7","EN14825_021","1.00","5","3","0","2"
"7","EN14825_022","60","4","1","0","2"
"7","EN14825_022","60","5","1","0","2"
"7","EN14825_022","60","4","2","0","2"
"7","EN14825_022","60","5","2","0","2"
"7","EN14825_022","60","4","3","0","2"
"7","EN14825_022","60","5","3","0","2"
"7","EN14825_023","22","4","1","0","2"
"7","EN14825_023","22","5","1","0","2"
"7","EN14825_023","22","4","2","0","2"
"7","EN14825_023","22","5","2","0","2"
"7","EN14825_023","22","4","3","0","2"
"7","EN14825_023","22","5","3","0","2"
"7","EN14825_024","22","4","1","0","2"
"7","EN14825_024","22","5","1","0","2"
"7","EN14825_024","22","4","2","0","2"
"7","EN14825_024","22","5","2","0","2"
"7","EN14825_024","22","4","3","0","2"
"7","EN14825_024","22","5","3","0","2"
"7","EN14825_025","22","4","1","0","2"
"7","EN14825_025","22","5","1","0","2"
"7","EN14825_025","22","4","2","0","2"
"7","EN14825_025","22","5","2","0","2"
"7","EN14825_025","22","4","3","0","2"
"7","EN14825_025","22","5","3","0","2"
"7","EN14825_026","4","4","1","0","2"
"7","EN14825_026","4","5","1","0","2"
"7","EN14825_026","4","4","2","0","2"
"7","EN14825_026","4","5","2","0","2"
"7","EN14825_026","4","4","3","0","2"
"7","EN14825_026","4","5","3","0","2"
"7","EN14825_027","1","4","1","0","2"
"7","EN14825_027","1","5","1","0","2"
"7","EN14825_027","1","4","2","0","2"
"7","EN14825_027","1","5","2","0","2"
"7","EN14825_027","1","4","3","0","2"
"7","EN14825_027","1","5","3","0","2"
"7","EN14825_028","0.00","4","1","0","2"
"7","EN14825_028","0.00","5","1","0","2"
"7","EN14825_028","5.27","4","2","0","2"
"7","EN14825_028","4.82","5","2","0","2"
"7","EN14825_028","0.00","4","3","0","2"
"7","EN14825_028","0.00","5","3","0","2"
"7","EN14825_029","1195","4","1","0","2"
"7","EN14825_029","1631","5","1","0","2"
"7","EN14825_029","3040","4","2","0","2"
"7","EN14825_029","3621","5","2","0","2"
"7","EN14825_029","2289","4","3","0","2"
"7","EN14825_029","2431","5","3","0","2"
"7","EN14825_044","4.15","4","2","0","2"
"7","EN14825_044","1.97","5","2","0","2"
"7","EN14825_045","2.44","4","2","0","2"
"7","EN14825_045","1.97","5","2","0","2"
"7","EN16147_001","L","0","1","0","2"
"7","EN16147_001","L","0","2","0","2"
"7","EN16147_001","L","0","3","0","2"
"7","EN16147_002","119","0","1","0","2"
"7","EN16147_002","97","0","2","0","2"
"7","EN16147_002","106","0","3","0","2"
"7","EN16147_003","2.80","0","1","0","2"
"7","EN16147_003","2.26","0","2","0","2"
"7","EN16147_003","2.48","0","3","0","2"
"7","EN16147_004","02:31","0","1","0","2"
"7","EN16147_004","04:04","0","2","0","2"
"7","EN16147_004","03:14","0","3","0","2"
"7","EN16147_005","45.0","0","1","0","2"
"7","EN16147_005","64.0","0","2","0","2"
"7","EN16147_005","51.0","0","3","0","2"
"7","EN16147_006","54.2","0","1","0","2"
"7","EN16147_006","53.1","0","2","0","2"
"7","EN16147_006","54.3","0","3","0","2"
"7","EN16147_007","271","0","1","0","2"
"7","EN16147_007","271","0","2","0","2"
"7","EN16147_007","273","0","3","0","2"
"16","title","Buderus Logatherm WLW196i-6 IRTP120","0","0","0","1"
"16","application","2","0","0","0","1"
"16","indoor","1","0","0","0","1"
"16","outdoor","1","0","0","0","1"
"16","coolingMode7c12c","0","0","0","0","1"
"16","coolingMode18c23c","0","0","0","0","1"
"16","colderClimate","1","0","0","0","1"
"16","warmerClimate","1","0","0","0","1"
"16","reversibility","1","0","0","0","1"
"16","colderForHeating","0","0","0","0","1"
"16","warmerForHeating","0","0","0","0","1"
"16","en145112Certification","0","0","0","0","1"
"16","heatSource","1","0","0","0","1"
"16","additionalOutdoorAir","0","0","0","0","1"
"16","additionalExhaustAir","0","0","0","0","1"
"16","additionalIndoorAir","0","0","0","0","1"
"16","additionalNonheatedSpaceAir","0","0","0","0","1"
"16","powerSupply","3","0","0","0","1"
"16","offPeakProduct","2","0","0","0","1"
"16","EN14511_4_001","2","0","10","0","2"
"16","EN14511_4_002","2","0","10","0","2"
"16","EN14511_2_001","2.29","4","10","0","2"
"16","EN14511_2_001","2.34","5","10","0","2"
"16","EN14511_2_002","0.49","4","10","0","2"
"16","EN14511_2_002","0.90","5","10","0","2"
"16","EN14511_2_003","4.69","4","10","0","2"
"16","EN14511_2_003","2.59","5","10","0","2"
"16","EN14511_4_003","2","0","10","0","2"
"16","EN14511_4_004","2","0","10","0","2"
"16","EN14511_4_005","2","0","10","0","2"
"16","EN14511_4_006","2","0","10","0","2"
"16","EN12102_1_001","48","4","1","0","2"
"16","EN12102_1_001","48","5","1","0","2"
"16","EN12102_1_001","48","4","2","0","2"
"16","EN12102_1_001","48","5","2","0","2"
"16","EN12102_1_001","48","4","3","0","2"
"16","EN12102_1_001","48","5","3","0","2"
"16","EN12102_1_002","36","4","1","0","2"
"16","EN12102_1_002","36","5","1","0","2"
"16","EN12102_1_002","36","4","2","0","2"
"16","EN12102_1_002","36","5","2","0","2"
"16","EN12102_1_002","36","4","3","0","2"
"16","EN12102_1_002","36","5","3","0","2"
"16","EN14825_001","237","4","1","0","2"
"16","EN14825_001","156","5","1","0","2"
"16","EN14825_001","158","4","2","0","2"
"16","EN14825_001","122","5","2","0","2"
"16","EN14825_001","173","4","3","0","2"
"16","EN14825_001","134","5","3","0","2"
"16","EN14825_002","5.77","4","1","0","2"
"16","EN14825_002","5.08","5","1","0","2"
"16","EN14825_002","5.27","4","2","0","2"
"16","EN14825_002","4.82","5","2","0","2"
"16","EN14825_002","5.17","4","3","0","2"
"16","EN14825_002","4.20","5","3","0","2"
"16","EN14825_003","6.00","4","1","0","2"
"16","EN14825_003","3.98","5","1","0","2"
"16","EN14825_003","4.03","4","2","0","2"
"16","EN14825_003","3.14","5","2","0","2"
"16","EN14825_003","4.41","4","3","0","2"
"16","EN14825_003","3.44","5","3","0","2"
"16","EN14825_004","2","4","1","0","2"
"16","EN14825_004","2","5","1","0","2"
"16","EN14825_004","-16","4","2","0","2"
"16","EN14825_004","-16","5","2","0","2"
"16","EN14825_004","-10","4","3","0","2"
"16","EN14825_004","-10","5","3","0","2"
"16","EN14825_005","2","4","1","0","2"
"16","EN14825_005","2","5","1","0","2"
"16","EN14825_005","-20","4","2","0","2"
"16","EN14825_005","-17","5","2","0","2"
"16","EN14825_005","-10","4","3","0","2"
"16","EN14825_005","-10","5","3","0","2"
"16","EN14825_008","3.20","4","2","0","2"
"16","EN14825_008","2.91","5","2","0","2"
"16","EN14825_008","4.67","4","3","0","2"
"16","EN14825_008","3.86","5","3","0","2"
"16","EN14825_009","3.07","4","2","0","2"
"16","EN14825_009","2.66","5","2","0","2"
"16","EN14825_009","2.87","4","3","0","2"
"16","EN14825_009","2.21","5","3","0","2"
"16","EN14825_010","5.77","4","1","0","2"
"16","EN14825_010","5.08","5","1","0","2"
"16","EN14825_010","1.80","4","2","0","2"
"16","EN14825_010","1.91","5","2","0","2"
"16","EN14825_010","2.81","4","3","0","2"
"16","EN14825_010","2.38","5","3","0","2"
"16","EN14825_011","2.83","4","1","0","2"
"16","EN14825_011","2.06","5","1","0","2"
"16","EN14825_011","5.33","4","2","0","2"
"16","EN14825_011","4.05","5","2","0","2"
"16","EN14825_011","5.33","4","3","0","2"
"16","EN14825_011","3.56","5","3","0","2"
"16","EN14825_012","3.39","4","1","0","2"
"16","EN14825_012","3.55","5","1","0","2"
"16","EN14825_012","1.14","4","2","0","2"
"16","EN14825_012","2.15","5","2","0","2"
"16","EN14825_012","1.84","4","3","0","2"
"16","EN14825_012","2.11","5","3","0","2"
"16","EN14825_013","5.39","4","1","0","2"
"16","EN14825_013","3.53","5","1","0","2"
"16","EN14825_013","6.53","4","2","0","2"
"16","EN14825_013","4.79","5","2","0","2"
"16","EN14825_013","6.40","4","3","0","2"
"16","EN14825_013","4.26","5","3","0","2"
"16","EN14825_014","1.79","4","1","0","2"
"16","EN14825_014","2.42","5","1","0","2"
"16","EN14825_014","1.31","4","2","0","2"
"16","EN14825_014","2.61","5","2","0","2"
"16","EN14825_014","1.33","4","3","0","2"
"16","EN14825_014","2.56","5","3","0","2"
"16","EN14825_015","7.60","4","1","0","2"
"16","EN14825_015","5.29","5","1","0","2"
"16","EN14825_015","7.20","4","2","0","2"
"16","EN14825_015","6.16","5","2","0","2"
"16","EN14825_015","7.13","4","3","0","2"
"16","EN14825_015","5.35","5","3","0","2"
"16","EN14825_016","5.77","4","1","0","2"
"16","EN14825_016","5.08","5","1","0","2"
"16","EN14825_016","4.45","4","2","0","2"
"16","EN14825_016","3.93","5","2","0","2"
"16","EN14825_016","5.18","4","3","0","2"
"16","EN14825_016","4.20","5","3","0","2"
"16","EN14825_017","2.83","4","1","0","2"
"16","EN14825_017","2.06","5","1","0","2"
"16","EN14825_017","2.38","4","2","0","2"
"16","EN14825_017","1.73","5","2","0","2"
"16","EN14825_017","2.58","4","3","0","2"
"16","EN14825_017","1.88","5","3","0","2"
"16","EN14825_018","5.77","4","1","0","2"
"16","EN14825_018","5.08","5","1","0","2"
"16","EN14825_018","3.50","4","2","0","2"
"16","EN14825_018","3.09","5","2","0","2"
"16","EN14825_018","5.18","4","3","0","2"
"16","EN14825_018","4.20","5","3","0","2"
"16","EN14825_019","2.83","4","1","0","2"
"16","EN14825_019","2.06","5","1","0","2"
"16","EN14825_019","2.03","4","2","0","2"
"16","EN14825_019","1.62","5","2","0","2"
"16","EN14825_019","2.58","4","3","0","2"
"16","EN14825_019","1.88","5","3","0","2"
"16","EN14825_022","60","4","1","0","2"
"16","EN14825_022","60","5","1","0","2"
"16","EN14825_022","60","4","2","0","2"
"16","EN14825_022","60","5","2","0","2"
"16","EN14825_022","60","4","3","0","2"
"16","EN14825_022","60","5","3","0","2"
"16","EN14825_023","22","4","1","0","2"
"16","EN14825_023","22","5","1","0","2"
"16","EN14825_023","22","4","2","0","2"
"16","EN14825_023","22","5","2","0","2"
"16","EN14825_023","22","4","3","0","2"
"16","EN14825_023","22","5","3","0","2"
"16","EN14825_024","22","4","1","0","2"
"16","EN14825_024","22","5","1","0","2"
"16","EN14825_024","22","4","2","0","2"
"16","EN14825_024","22","5","2","0","2"
"16","EN14825_024","22","4","3","0","2"
"16","EN14825_024","22","5","3","0","2"
"16","EN14825_025","22","4","1","0","2"
"16","EN14825_025","22","5","1","0","2"
"16","EN14825_025","22","4","2","0","2"
"16","EN14825_025","22","5","2","0","2"
"16","EN14825_025","22","4","3","0","2"
"16","EN14825_025","22","5","3","0","2"
"16","EN14825_026","0","4","1","0","2"
"16","EN14825_026","0","5","1","0","2"
"16","EN14825_026","0","4","2","0","2"
"16","EN14825_026","0","5","2","0","2"
"16","EN14825_026","0","4","3","0","2"
"16","EN14825_026","0","5","3","0","2"
"16","EN14825_027","1","4","1","0","2"
"16","EN14825_027","1","5","1","0","2"
"16","EN14825_027","1","4","2","0","2"
"16","EN14825_027","1","5","2","0","2"
"16","EN14825_027","1","4","3","0","2"
"16","EN14825_027","1","5","3","0","2"
"16","EN14825_028","0.00","4","1","0","2"
"16","EN14825_028","0.00","5","1","0","2"
"16","EN14825_028","5.27","4","2","0","2"
"16","EN14825_028","4.82","5","2","0","2"
"16","EN14825_028","0.00","4","3","0","2"
"16","EN14825_028","0.00","5","3","0","2"
"16","EN14825_029","1285","4","1","0","2"
"16","EN14825_029","1704","5","1","0","2"
"16","EN14825_029","3222","4","2","0","2"
"16","EN14825_029","3787","5","2","0","2"
"16","EN14825_029","2421","4","3","0","2"
"16","EN14825_029","2525","5","3","0","2"
"16","EN14825_044","4.15","4","2","0","2"
"16","EN14825_044","3.89","5","2","0","2"
"16","EN14825_045","2.38","4","2","0","2"
"16","EN14825_045","1.94","5","2","0","2"
"8","title","Buderus Logatherm WLW196i-6 IRTS185","0","0","0","1"
"8","application","4","0","0","0","1"
"8","indoor","1","0","0","0","1"
"8","outdoor","1","0","0","0","1"
"8","coolingMode7c12c","0","0","0","0","1"
"8","coolingMode18c23c","0","0","0","0","1"
"8","colderClimate","1","0","0","0","1"
"8","warmerClimate","1","0","0","0","1"
"8","reversibility","1","0","0","0","1"
"8","colderForHeating","0","0","0","0","1"
"8","warmerForHeating","0","0","0","0","1"
"8","en145112Certification","0","0","0","0","1"
"8","heatSource","1","0","0","0","1"
"8","additionalOutdoorAir","0","0","0","0","1"
"8","additionalExhaustAir","0","0","0","0","1"
"8","additionalIndoorAir","0","0","0","0","1"
"8","additionalNonheatedSpaceAir","0","0","0","0","1"
"8","powerSupply","3","0","0","0","1"
"8","offPeakProduct","2","0","0","0","1"
"8","EN14511_4_001","2","0","10","0","2"
"8","EN14511_4_002","2","0","10","0","2"
"8","EN14511_2_001","2.29","4","10","0","2"
"8","EN14511_2_001","2.34","5","10","0","2"
"8","EN14511_2_002","0.46","4","10","0","2"
"8","EN14511_2_002","0.87","5","10","0","2"
"8","EN14511_2_003","4.96","4","10","0","2"
"8","EN14511_2_003","2.67","5","10","0","2"
"8","EN14511_4_003","2","0","10","0","2"
"8","EN14511_4_004","2","0","10","0","2"
"8","EN14511_4_005","2","0","10","0","2"
"8","EN14511_4_006","2","0","10","0","2"
"8","EN12102_1_001","48","4","1","0","2"
"8","EN12102_1_001","48","5","1","0","2"
"8","EN12102_1_001","48","4","2","0","2"
"8","EN12102_1_001","48","5","2","0","2"
"8","EN12102_1_001","48","4","3","0","2"
"8","EN12102_1_001","48","5","3","0","2"
"8","EN12102_1_002","36","4","1","0","2"
"8","EN12102_1_002","36","5","1","0","2"
"8","EN12102_1_002","36","4","2","0","2"
"8","EN12102_1_002","36","5","2","0","2"
"8","EN12102_1_002","36","4","3","0","2"
"8","EN12102_1_002","36","5","3","0","2"
"8","EN14825_001","255","4","1","0","2"
"8","EN14825_001","163","5","1","0","2"
"8","EN14825_001","168","4","2","0","2"
"8","EN14825_001","128","5","2","0","2"
"8","EN14825_001","184","4","3","0","2"
"8","EN14825_001","140","5","3","0","2"
"8","EN14825_002","5.77","4","1","0","2"
"8","EN14825_002","5.08","5","1","0","2"
"8","EN14825_002","5.27","4","2","0","2"
"8","EN14825_002","4.82","5","2","0","2"
"8","EN14825_002","5.18","4","3","0","2"
"8","EN14825_002","4.20","5","3","0","2"
"8","EN14825_003","6.45","4","1","0","2"
"8","EN14825_003","4.16","5","1","0","2"
"8","EN14825_003","4.27","4","2","0","2"
"8","EN14825_003","3.28","5","2","0","2"
"8","EN14825_003","4.68","4","3","0","2"
"8","EN14825_003","3.57","5","3","0","2"
"8","EN14825_004","2","4","1","0","2"
"8","EN14825_004","2","5","1","0","2"
"8","EN14825_004","-16","4","2","0","2"
"8","EN14825_004","-15","5","2","0","2"
"8","EN14825_004","-10","4","3","0","2"
"8","EN14825_004","-10","5","3","0","2"
"8","EN14825_005","2","4","1","0","2"
"8","EN14825_005","2","5","1","0","2"
"8","EN14825_005","-20","4","2","0","2"
"8","EN14825_005","-18","5","2","0","2"
"8","EN14825_005","-10","4","3","0","2"
"8","EN14825_005","-10","5","3","0","2"
"8","EN14825_008","3.20","4","2","0","2"
"8","EN14825_008","2.91","5","2","0","2"
"8","EN14825_008","4.67","4","3","0","2"
"8","EN14825_008","3.86","5","3","0","2"
"8","EN14825_009","3.17","4","2","0","2"
"8","EN14825_009","2.72","5","2","0","2"
"8","EN14825_009","2.95","4","3","0","2"
"8","EN14825_009","2.24","5","3","0","2"
"8","EN14825_010","5.77","4","1","0","2"
"8","EN14825_010","5.08","5","1","0","2"
"8","EN14825_010","1.80","4","2","0","2"
"8","EN14825_010","1.91","5","2","0","2"
"8","EN14825_010","2.81","4","3","0","2"
"8","EN14825_010","2.38","5","3","0","2"
"8","EN14825_011","2.91","4","1","0","2"
"8","EN14825_011","2.09","5","1","0","2"
"8","EN14825_011","5.73","4","2","0","2"
"8","EN14825_011","4.24","5","2","0","2"
"8","EN14825_011","4.26","4","3","0","2"
"8","EN14825_011","3.66","5","3","0","2"
"8","EN14825_012","3.39","4","1","0","2"
"8","EN14825_012","3.55","5","1","0","2"
"8","EN14825_012","1.14","4","2","0","2"
"8","EN14825_012","2.15","5","2","0","2"
"8","EN14825_012","1.84","4","3","0","2"
"8","EN14825_012","2.11","5","3","0","2"
"8","EN14825_013","5.70","4","1","0","2"
"8","EN14825_013","3.62","5","1","0","2"
"8","EN14825_013","7.41","4","2","0","2"
"8","EN14825_013","5.03","5","2","0","2"
"8","EN14825_013","6.99","4","3","0","2"
"8","EN14825_013","4.43","5","3","0","2"
"8","EN14825_014","1.79","4","1","0","2"
"8","EN14825_014","2.42","5","1","0","2"
"8","EN14825_014","1.31","4","2","0","2"
"8","EN14825_014","2.61","5","2","0","2"
"8","EN14825_014","1.33","4","3","0","2"
"8","EN14825_014","2.56","5","3","0","2"
"8","EN14825_015","8.45","4","1","0","2"
"8","EN14825_015","5.56","5","1","0","2"
"8","EN14825_015","8.16","4","2","0","2"
"8","EN14825_015","6.52","5","2","0","2"
"8","EN14825_015","8.06","4","3","0","2"
"8","EN14825_015","5.56","5","3","0","2"
"8","EN14825_016","5.77","4","1","0","2"
"8","EN14825_016","5.08","5","1","0","2"
"8","EN14825_016","4.45","4","2","0","2"
"8","EN14825_016","3.89","5","2","0","2"
"8","EN14825_016","5.18","4","3","0","2"
"8","EN14825_016","4.20","5","3","0","2"
"8","EN14825_017","2.91","4","1","0","2"
"8","EN14825_017","2.09","5","1","0","2"
"8","EN14825_017","2.43","4","2","0","2"
"8","EN14825_017","1.97","5","2","0","2"
"8","EN14825_017","2.64","4","3","0","2"
"8","EN14825_017","1.89","5","3","0","2"
"8","EN14825_018","5.77","4","1","0","2"
"8","EN14825_018","5.08","5","1","0","2"
"8","EN14825_018","3.50","4","2","0","2"
"8","EN14825_018","3.09","5","2","0","2"
"8","EN14825_018","5.18","4","3","0","2"
"8","EN14825_018","4.20","5","3","0","2"
"8","EN14825_019","2.91","4","1","0","2"
"8","EN14825_019","2.09","5","1","0","2"
"8","EN14825_019","2.07","4","2","0","2"
"8","EN14825_019","1.64","5","2","0","2"
"8","EN14825_019","2.64","4","3","0","2"
"8","EN14825_019","1.89","5","3","0","2"
"8","EN14825_021","1.00","4","3","0","2"
"8","EN14825_021","1.00","5","3","0","2"
"8","EN14825_022","60","4","1","0","2"
"8","EN14825_022","60","5","1","0","2"
"8","EN14825_022","60","4","2","0","2"
"8","EN14825_022","60","5","2","0","2"
"8","EN14825_022","60","4","3","0","2"
"8","EN14825_022","60","5","3","0","2"
"8","EN14825_023","22","4","1","0","2"
"8","EN14825_023","22","5","1","0","2"
"8","EN14825_023","22","4","2","0","2"
"8","EN14825_023","22","5","2","0","2"
"8","EN14825_023","22","4","3","0","2"
"8","EN14825_023","22","5","3","0","2"
"8","EN14825_024","22","4","1","0","2"
"8","EN14825_024","22","5","1","0","2"
"8","EN14825_024","22","4","2","0","2"
"8","EN14825_024","22","5","2","0","2"
"8","EN14825_024","22","4","3","0","2"
"8","EN14825_024","22","5","3","0","2"
"8","EN14825_025","22","4","1","0","2"
"8","EN14825_025","22","5","1","0","2"
"8","EN14825_025","22","4","2","0","2"
"8","EN14825_025","22","5","2","0","2"
"8","EN14825_025","22","4","3","0","2"
"8","EN14825_025","22","5","3","0","2"
"8","EN14825_026","4","4","1","0","2"
"8","EN14825_026","4","5","1","0","2"
"8","EN14825_026","4","4","2","0","2"
"8","EN14825_026","4","5","2","0","2"
"8","EN14825_026","4","4","3","0","2"
"8","EN14825_026","4","5","3","0","2"
"8","EN14825_027","1","4","1","0","2"
"8","EN14825_027","1","5","1","0","2"
"8","EN14825_027","1","4","2","0","2"
"8","EN14825_027","1","5","2","0","2"
"8","EN14825_027","1","4","3","0","2"
"8","EN14825_027","1","5","3","0","2"
"8","EN14825_028","0.00","4","1","0","2"
"8","EN14825_028","0.00","5","1","0","2"
"8","EN14825_028","5.27","4","2","0","2"
"8","EN14825_028","4.82","5","2","0","2"
"8","EN14825_028","0.00","4","3","0","2"
"8","EN14825_028","0.00","5","3","0","2"
"8","EN14825_029","1195","4","1","0","2"
"8","EN14825_029","1631","5","1","0","2"
"8","EN14825_029","3040","4","2","0","2"
"8","EN14825_029","3621","5","2","0","2"
"8","EN14825_029","2289","4","3","0","2"
"8","EN14825_029","2431","5","3","0","2"
"8","EN14825_044","4.15","4","2","0","2"
"8","EN14825_044","1.97","5","2","0","2"
"8","EN14825_045","2.44","4","2","0","2"
"8","EN14825_045","1.97","5","2","0","2"
"8","EN16147_001","L","0","1","0","2"
"8","EN16147_001","L","0","2","0","2"
"8","EN16147_001","L","0","3","0","2"
"8","EN16147_002","109","0","1","0","2"
"8","EN16147_002","95","0","2","0","2"
"8","EN16147_002","103","0","3","0","2"
"8","EN16147_003","2.58","0","1","0","2"
"8","EN16147_003","2.21","0","2","0","2"
"8","EN16147_003","2.43","0","3","0","2"
"8","EN16147_004","02:34","0","1","0","2"
"8","EN16147_004","04:09","0","2","0","2"
"8","EN16147_004","03:18","0","3","0","2"
"8","EN16147_005","47.0","0","1","0","2"
"8","EN16147_005","73.0","0","2","0","2"
"8","EN16147_005","53.0","0","3","0","2"
"8","EN16147_006","52.8","0","1","0","2"
"8","EN16147_006","51.8","0","2","0","2"
"8","EN16147_006","53.2","0","3","0","2"
"8","EN16147_007","257","0","1","0","2"
"8","EN16147_007","259","0","2","0","2"
"8","EN16147_007","263","0","3","0","2"
"9","title","Buderus Logatherm WLW196i.2-4 ARB S+","0","0","0","1"
"9","application","2","0","0","0","1"
"9","indoor","1","0","0","0","1"
"9","outdoor","1","0","0","0","1"
"9","coolingMode7c12c","0","0","0","0","1"
"9","coolingMode18c23c","0","0","0","0","1"
"9","colderClimate","1","0","0","0","1"
"9","warmerClimate","1","0","0","0","1"
"9","reversibility","1","0","0","0","1"
"9","colderForHeating","0","0","0","0","1"
"9","warmerForHeating","0","0","0","0","1"
"9","en145112Certification","0","0","0","0","1"
"9","heatSource","1","0","0","0","1"
"9","additionalOutdoorAir","0","0","0","0","1"
"9","additionalExhaustAir","0","0","0","0","1"
"9","additionalIndoorAir","0","0","0","0","1"
"9","additionalNonheatedSpaceAir","0","0","0","0","1"
"9","powerSupply","3","0","0","0","1"
"9","offPeakProduct","2","0","0","0","1"
"9","EN14511_4_001","2","0","10","0","2"
"9","EN14511_4_002","2","0","10","0","2"
"9","EN14511_2_001","2.82","4","10","0","2"
"9","EN14511_2_001","1.78","5","10","0","2"
"9","EN14511_2_002","0.56","4","10","0","2"
"9","EN14511_2_002","0.69","5","10","0","2"
"9","EN14511_2_003","5.01","4","10","0","2"
"9","EN14511_2_003","2.57","5","10","0","2"
"9","EN14511_4_003","2","0","10","0","2"
"9","EN14511_4_004","2","0","10","0","2"
"9","EN14511_4_005","2","0","10","0","2"
"9","EN14511_4_006","2","0","10","0","2"
"9","EN12102_1_001","29","4","1","0","2"
"9","EN12102_1_001","29","5","1","0","2"
"9","EN12102_1_001","29","4","2","0","2"
"9","EN12102_1_001","29","5","2","0","2"
"9","EN12102_1_001","29","4","3","0","2"
"9","EN12102_1_001","29","5","3","0","2"
"9","EN12102_1_002","50","4","1","0","2"
"9","EN12102_1_002","50","5","1","0","2"
"9","EN12102_1_002","50","4","2","0","2"
"9","EN12102_1_002","50","5","2","0","2"
"9","EN12102_1_002","50","4","3","0","2"
"9","EN12102_1_002","50","5","3","0","2"
"9","EN14825_001","240","4","1","0","2"
"9","EN14825_001","163","5","1","0","2"
"9","EN14825_001","168","4","2","0","2"
"9","EN14825_001","118","5","2","0","2"
"9","EN14825_001","196","4","3","0","2"
"9","EN14825_001","133","5","3","0","2"
"9","EN14825_002","5.50","4","1","0","2"
"9","EN14825_002","5.40","5","1","0","2"
"9","EN14825_002","4.30","4","2","0","2"
"9","EN14825_002","4.00","5","2","0","2"
"9","EN14825_002","4.76","4","3","0","2"
"9","EN14825_002","4.49","5","3","0","2"
"9","EN14825_003","6.07","4","1","0","2"
"9","EN14825_003","4.16","5","1","0","2"
"9","EN14825_003","4.27","4","2","0","2"
"9","EN14825_003","3.03","5","2","0","2"
"9","EN14825_003","4.98","4","3","0","2"
"9","EN14825_003","3.40","5","3","0","2"
"9","EN14825_004","2","4","1","0","2"
"9","EN14825_004","2","5","1","0","2"
"9","EN14825_004","-17","4","2","0","2"
"9","EN14825_004","-17","5","2","0","2"
"9","EN14825_004","-10","4","3","0","2"
"9","EN14825_004","-10","5","3","0","2"
"9","EN14825_005","2","4","1","0","2"
"9","EN14825_005","2","5","1","0","2"
"9","EN14825_005","-20","4","2","0","2"
"9","EN14825_005","-18","5","2","0","2"
"9","EN14825_005","-10","4","3","0","2"
"9","EN14825_005","-10","5","3","0","2"
"9","EN14825_008","2.50","4","2","0","2"
"9","EN14825_008","2.29","5","2","0","2"
"9","EN14825_008","4.27","4","3","0","2"
"9","EN14825_008","3.93","5","3","0","2"
"9","EN14825_009","3.64","4","2","0","2"
"9","EN14825_009","2.52","5","2","0","2"
"9","EN14825_009","3.11","4","3","0","2"
"9","EN14825_009","2.11","5","3","0","2"
"9","EN14825_010","5.48","4","1","0","2"
"9","EN14825_010","5.40","5","1","0","2"
"9","EN14825_010","1.49","4","2","0","2"
"9","EN14825_010","1.80","5","2","0","2"
"9","EN14825_010","2.51","4","3","0","2"
"9","EN14825_010","2.41","5","3","0","2"
"9","EN14825_011","3.03","4","1","0","2"
"9","EN14825_011","2.10","5","1","0","2"
"9","EN14825_011","5.22","4","2","0","2"
"9","EN14825_011","3.82","5","2","0","2"
"9","EN14825_011","4.96","4","3","0","2"
"9","EN14825_011","3.36","5","3","0","2"
"9","EN14825_012","3.81","4","1","0","2"
"9","EN14825_012","3.56","5","1","0","2"
"9","EN14825_012","1.14","4","2","0","2"
"9","EN14825_012","2.08","5","2","0","2"
"9","EN14825_012","1.51","4","3","0","2"
"9","EN14825_012","2.06","5","3","0","2"
"9","EN14825_013","5.16","4","1","0","2"
"9","EN14825_013","3.57","5","1","0","2"
"9","EN14825_013","6.44","4","2","0","2"
"9","EN14825_013","4.68","5","2","0","2"
"9","EN14825_013","6.40","4","3","0","2"
"9","EN14825_013","4.41","5","3","0","2"
"9","EN14825_014","1.71","4","1","0","2"
"9","EN14825_014","2.44","5","1","0","2"
"9","EN14825_014","1.24","4","2","0","2"
"9","EN14825_014","2.48","5","2","0","2"
"9","EN14825_014","1.27","4","3","0","2"
"9","EN14825_014","2.45","5","3","0","2"
"9","EN14825_015","8.06","4","1","0","2"
"9","EN14825_015","5.53","5","1","0","2"
"9","EN14825_015","7.03","4","2","0","2"
"9","EN14825_015","6.02","5","2","0","2"
"9","EN14825_015","7.53","4","3","0","2"
"9","EN14825_015","5.76","5","3","0","2"
"9","EN14825_016","5.48","4","1","0","2"
"9","EN14825_016","5.40","5","1","0","2"
"9","EN14825_016","3.75","4","2","0","2"
"9","EN14825_016","3.53","5","2","0","2"
"9","EN14825_016","4.76","4","3","0","2"
"9","EN14825_016","4.49","5","3","0","2"
"9","EN14825_017","3.03","4","1","0","2"
"9","EN14825_017","2.10","5","1","0","2"
"9","EN14825_017","2.29","4","2","0","2"
"9","EN14825_017","1.64","5","2","0","2"
"9","EN14825_017","2.68","4","3","0","2"
"9","EN14825_017","1.82","5","3","0","2"
"9","EN14825_018","5.48","4","1","0","2"
"9","EN14825_018","5.40","5","1","0","2"
"9","EN14825_018","3.44","4","2","0","2"
"9","EN14825_018","3.39","5","2","0","2"
"9","EN14825_018","4.76","4","3","0","2"
"9","EN14825_018","4.49","5","3","0","2"
"9","EN14825_019","3.03","4","1","0","2"
"9","EN14825_019","2.10","5","1","0","2"
"9","EN14825_019","2.11","4","2","0","2"
"9","EN14825_019","1.56","5","2","0","2"
"9","EN14825_019","2.68","4","3","0","2"
"9","EN14825_019","1.82","5","3","0","2"
"9","EN14825_022","60","4","1","0","2"
"9","EN14825_022","60","5","1","0","2"
"9","EN14825_022","60","4","2","0","2"
"9","EN14825_022","60","5","2","0","2"
"9","EN14825_022","60","4","3","0","2"
"9","EN14825_022","60","5","3","0","2"
"9","EN14825_023","17","4","1","0","2"
"9","EN14825_023","17","5","1","0","2"
"9","EN14825_023","17","4","2","0","2"
"9","EN14825_023","17","5","2","0","2"
"9","EN14825_023","17","4","3","0","2"
"9","EN14825_023","17","5","3","0","2"
"9","EN14825_024","22","4","1","0","2"
"9","EN14825_024","22","5","1","0","2"
"9","EN14825_024","22","4","2","0","2"
"9","EN14825_024","22","5","2","0","2"
"9","EN14825_024","22","4","3","0","2"
"9","EN14825_024","22","5","3","0","2"
"9","EN14825_025","17","4","1","0","2"
"9","EN14825_025","17","5","1","0","2"
"9","EN14825_025","17","4","2","0","2"
"9","EN14825_025","17","5","2","0","2"
"9","EN14825_025","17","4","3","0","2"
"9","EN14825_025","17","5","3","0","2"
"9","EN14825_026","0","4","1","0","2"
"9","EN14825_026","0","5","1","0","2"
"9","EN14825_026","0","4","2","0","2"
"9","EN14825_026","0","5","2","0","2"
"9","EN14825_026","0","4","3","0","2"
"9","EN14825_026","0","5","3","0","2"
"9","EN14825_027","0","4","1","0","2"
"9","EN14825_027","0","5","1","0","2"
"9","EN14825_027","0","4","2","0","2"
"9","EN14825_027","0","5","2","0","2"
"9","EN14825_027","0","4","3","0","2"
"9","EN14825_027","0","5","3","0","2"
"9","EN14825_028","0.00","4","1","0","2"
"9","EN14825_028","0.00","5","1","0","2"
"9","EN14825_028","0.00","4","2","0","2"
"9","EN14825_028","0.00","5","2","0","2"
"9","EN14825_028","0.00","4","3","0","2"
"9","EN14825_028","0.00","5","3","0","2"
"9","EN14825_029","1211","4","1","0","2"
"9","EN14825_029","1736","5","1","0","2"
"9","EN14825_029","2482","4","2","0","2"
"9","EN14825_029","3252","5","2","0","2"
"9","EN14825_029","1975","4","3","0","2"
"9","EN14825_029","2724","5","3","0","2"
"9","EN14825_044","3.75","4","2","0","2"
"9","EN14825_044","3.53","5","2","0","2"
"9","EN14825_045","2.29","4","2","0","2"
"9","EN14825_045","1.64","5","2","0","2"
"10","title","Buderus Logatherm WLW196i.2-4 ARE S+","0","0","0","1"
"10","application","2","0","0","0","1"
"10","indoor","1","0","0","0","1"
"10","outdoor","1","0","0","0","1"
"10","coolingMode7c12c","0","0","0","0","1"
"10","coolingMode18c23c","0","0","0","0","1"
"10","colderClimate","1","0","0","0","1"
"10","warmerClimate","1","0","0","0","1"
"10","reversibility","1","0","0","0","1"
"10","colderForHeating","0","0","0","0","1"
"10","warmerForHeating","0","0","0","0","1"
"10","en145112Certification","0","0","0","0","1"
"10","heatSource","1","0","0","0","1"
"10","additionalOutdoorAir","0","0","0","0","1"
"10","additionalExhaustAir","0","0","0","0","1"
"10","additionalIndoorAir","0","0","0","0","1"
"10","additionalNonheatedSpaceAir","0","0","0","0","1"
"10","powerSupply","3","0","0","0","1"
"10","offPeakProduct","2","0","0","0","1"
"10","EN14511_4_001","2","0","10","0","2"
"10","EN14511_4_002","2","0","10","0","2"
"10","EN14511_2_001","2.82","4","10","0","2"
"10","EN14511_2_001","1.78","5","10","0","2"
"10","EN14511_2_002","0.56","4","10","0","2"
"10","EN14511_2_002","0.69","5","10","0","2"
"10","EN14511_2_003","5.01","4","10","0","2"
"10","EN14511_2_003","2.57","5","10","0","2"
"10","EN14511_4_003","2","0","10","0","2"
"10","EN14511_4_004","2","0","10","0","2"
"10","EN14511_4_005","2","0","10","0","2"
"10","EN14511_4_006","2","0","10","0","2"
"10","EN12102_1_001","29","4","1","0","2"
"10","EN12102_1_001","29","5","1","0","2"
"10","EN12102_1_001","29","4","2","0","2"
"10","EN12102_1_001","29","5","2","0","2"
"10","EN12102_1_001","29","4","3","0","2"
"10","EN12102_1_001","29","5","3","0","2"
"10","EN12102_1_002","50","4","1","0","2"
"10","EN12102_1_002","50","5","1","0","2"
"10","EN12102_1_002","50","4","2","0","2"
"10","EN12102_1_002","50","5","2","0","2"
"10","EN12102_1_002","50","4","3","0","2"
"10","EN12102_1_002","50","5","3","0","2"
"10","EN14825_001","240","4","1","0","2"
"10","EN14825_001","163","5","1","0","2"
"10","EN14825_001","168","4","2","0","2"
"10","EN14825_001","118","5","2","0","2"
"10","EN14825_001","196","4","3","0","2"
"10","EN14825_001","133","5","3","0","2"
"10","EN14825_002","5.50","4","1","0","2"
"10","EN14825_002","5.40","5","1","0","2"
"10","EN14825_002","4.30","4","2","0","2"
"10","EN14825_002","4.00","5","2","0","2"
"10","EN14825_002","4.76","4","3","0","2"
"10","EN14825_002","4.49","5","3","0","2"
"10","EN14825_003","6.07","4","1","0","2"
"10","EN14825_003","4.16","5","1","0","2"
"10","EN14825_003","4.27","4","2","0","2"
"10","EN14825_003","3.03","5","2","0","2"
"10","EN14825_003","4.98","4","3","0","2"
"10","EN14825_003","3.40","5","3","0","2"
"10","EN14825_004","2","4","1","0","2"
"10","EN14825_004","2","5","1","0","2"
"10","EN14825_004","-17","4","2","0","2"
"10","EN14825_004","-17","5","2","0","2"
"10","EN14825_004","-10","4","3","0","2"
"10","EN14825_004","-10","5","3","0","2"
"10","EN14825_005","2","4","1","0","2"
"10","EN14825_005","2","5","1","0","2"
"10","EN14825_005","-20","4","2","0","2"
"10","EN14825_005","-18","5","2","0","2"
"10","EN14825_005","-10","4","3","0","2"
"10","EN14825_005","-10","5","3","0","2"
"10","EN14825_008","2.50","4","2","0","2"
"10","EN14825_008","2.29","5","2","0","2"
"10","EN14825_008","4.27","4","3","0","2"
"10","EN14825_008","3.93","5","3","0","2"
"10","EN14825_009","3.64","4","2","0","2"
"10","EN14825_009","2.52","5","2","0","2"
"10","EN14825_009","3.11","4","3","0","2"
"10","EN14825_009","2.11","5","3","0","2"
"10","EN14825_010","5.48","4","1","0","2"
"10","EN14825_010","5.40","5","1","0","2"
"10","EN14825_010","1.49","4","2","0","2"
"10","EN14825_010","1.80","5","2","0","2"
"10","EN14825_010","2.51","4","3","0","2"
"10","EN14825_010","2.41","5","3","0","2"
"10","EN14825_011","3.03","4","1","0","2"
"10","EN14825_011","2.10","5","1","0","2"
"10","EN14825_011","5.22","4","2","0","2"
"10","EN14825_011","3.82","5","2","0","2"
"10","EN14825_011","4.96","4","3","0","2"
"10","EN14825_011","3.36","5","3","0","2"
"10","EN14825_012","3.81","4","1","0","2"
"10","EN14825_012","3.56","5","1","0","2"
"10","EN14825_012","1.14","4","2","0","2"
"10","EN14825_012","2.08","5","2","0","2"
"10","EN14825_012","1.51","4","3","0","2"
"10","EN14825_012","2.06","5","3","0","2"
"10","EN14825_013","5.16","4","1","0","2"
"10","EN14825_013","3.57","5","1","0","2"
"10","EN14825_013","6.44","4","2","0","2"
"10","EN14825_013","4.68","5","2","0","2"
"10","EN14825_013","6.40","4","3","0","2"
"10","EN14825_013","4.41","5","3","0","2"
"10","EN14825_014","1.71","4","1","0","2"
"10","EN14825_014","2.44","5","1","0","2"
"10","EN14825_014","1.24","4","2","0","2"
"10","EN14825_014","2.48","5","2","0","2"
"10","EN14825_014","1.27","4","3","0","2"
"10","EN14825_014","2.45","5","3","0","2"
"10","EN14825_015","8.06","4","1","0","2"
"10","EN14825_015","5.53","5","1","0","2"
"10","EN14825_015","7.03","4","2","0","2"
"10","EN14825_015","6.02","5","2","0","2"
"10","EN14825_015","7.53","4","3","0","2"
"10","EN14825_015","5.76","5","3","0","2"
"10","EN14825_016","5.48","4","1","0","2"
"10","EN14825_016","5.40","5","1","0","2"
"10","EN14825_016","3.75","4","2","0","2"
"10","EN14825_016","3.53","5","2","0","2"
"10","EN14825_016","4.76","4","3","0","2"
"10","EN14825_016","4.49","5","3","0","2"
"10","EN14825_017","3.03","4","1","0","2"
"10","EN14825_017","2.10","5","1","0","2"
"10","EN14825_017","2.29","4","2","0","2"
"10","EN14825_017","1.64","5","2","0","2"
"10","EN14825_017","2.68","4","3","0","2"
"10","EN14825_017","1.82","5","3","0","2"
"10","EN14825_018","5.48","4","1","0","2"
"10","EN14825_018","5.40","5","1","0","2"
"10","EN14825_018","3.44","4","2","0","2"
"10","EN14825_018","3.39","5","2","0","2"
"10","EN14825_018","4.76","4","3","0","2"
"10","EN14825_018","4.49","5","3","0","2"
"10","EN14825_019","3.03","4","1","0","2"
"10","EN14825_019","2.10","5","1","0","2"
"10","EN14825_019","2.11","4","2","0","2"
"10","EN14825_019","1.56","5","2","0","2"
"10","EN14825_019","2.68","4","3","0","2"
"10","EN14825_019","1.82","5","3","0","2"
"10","EN14825_022","60","4","1","0","2"
"10","EN14825_022","60","5","1","0","2"
"10","EN14825_022","60","4","2","0","2"
"10","EN14825_022","60","5","2","0","2"
"10","EN14825_022","60","4","3","0","2"
"10","EN14825_022","60","5","3","0","2"
"10","EN14825_023","17","4","1","0","2"
"10","EN14825_023","17","5","1","0","2"
"10","EN14825_023","17","4","2","0","2"
"10","EN14825_023","17","5","2","0","2"
"10","EN14825_023","17","4","3","0","2"
"10","EN14825_023","17","5","3","0","2"
"10","EN14825_024","22","4","1","0","2"
"10","EN14825_024","22","5","1","0","2"
"10","EN14825_024","22","4","2","0","2"
"10","EN14825_024","22","5","2","0","2"
"10","EN14825_024","22","4","3","0","2"
"10","EN14825_024","22","5","3","0","2"
"10","EN14825_025","17","4","1","0","2"
"10","EN14825_025","17","5","1","0","2"
"10","EN14825_025","17","4","2","0","2"
"10","EN14825_025","17","5","2","0","2"
"10","EN14825_025","17","4","3","0","2"
"10","EN14825_025","17","5","3","0","2"
"10","EN14825_026","0","4","1","0","2"
"10","EN14825_026","0","5","1","0","2"
"10","EN14825_026","0","4","2","0","2"
"10","EN14825_026","0","5","2","0","2"
"10","EN14825_026","0","4","3","0","2"
"10","EN14825_026","0","5","3","0","2"
"10","EN14825_027","1","4","1","0","2"
"10","EN14825_027","1","5","1","0","2"
"10","EN14825_027","1","4","2","0","2"
"10","EN14825_027","1","5","2","0","2"
"10","EN14825_027","1","4","3","0","2"
"10","EN14825_027","1","5","3","0","2"
"10","EN14825_028","0.00","4","1","0","2"
"10","EN14825_028","0.00","5","1","0","2"
"10","EN14825_028","4.30","4","2","0","2"
"10","EN14825_028","4.00","5","2","0","2"
"10","EN14825_028","0.00","4","3","0","2"
"10","EN14825_028","0.00","5","3","0","2"
"10","EN14825_029","1211","4","1","0","2"
"10","EN14825_029","1736","5","1","0","2"
"10","EN14825_029","2482","4","2","0","2"
"10","EN14825_029","3252","5","2","0","2"
"10","EN14825_029","1975","4","3","0","2"
"10","EN14825_029","2724","5","3","0","2"
"10","EN14825_044","3.75","4","2","0","2"
"10","EN14825_044","3.53","5","2","0","2"
"10","EN14825_045","2.29","4","2","0","2"
"10","EN14825_045","1.64","5","2","0","2"
"11","title","Buderus Logatherm WLW196i.2-4 ART190 S+","0","0","0","1"
"11","application","4","0","0","0","1"
"11","indoor","1","0","0","0","1"
"11","outdoor","1","0","0","0","1"
"11","coolingMode7c12c","0","0","0","0","1"
"11","coolingMode18c23c","0","0","0","0","1"
"11","colderClimate","1","0","0","0","1"
"11","warmerClimate","1","0","0","0","1"
"11","reversibility","1","0","0","0","1"
"11","colderForHeating","0","0","0","0","1"
"11","warmerForHeating","0","0","0","0","1"
"11","en145112Certification","0","0","0","0","1"
"11","heatSource","1","0","0","0","1"
"11","additionalOutdoorAir","0","0","0","0","1"
"11","additionalExhaustAir","0","0","0","0","1"
"11","additionalIndoorAir","0","0","0","0","1"
"11","additionalNonheatedSpaceAir","0","0","0","0","1"
"11","powerSupply","3","0","0","0","1"
"11","offPeakProduct","2","0","0","0","1"
"11","EN14511_4_001","2","0","10","0","2"
"11","EN14511_4_002","2","0","10","0","2"
"11","EN14511_2_001","2.82","4","10","0","2"
"11","EN14511_2_001","1.78","5","10","0","2"
"11","EN14511_2_002","0.56","4","10","0","2"
"11","EN14511_2_002","0.69","5","10","0","2"
"11","EN14511_2_003","5.01","4","10","0","2"
"11","EN14511_2_003","2.57","5","10","0","2"
"11","EN14511_4_003","2","0","10","0","2"
"11","EN14511_4_004","2","0","10","0","2"
"11","EN14511_4_005","2","0","10","0","2"
"11","EN14511_4_006","2","0","10","0","2"
"11","EN12102_1_001","25","4","1","0","2"
"11","EN12102_1_001","25","5","1","0","2"
"11","EN12102_1_001","25","4","2","0","2"
"11","EN12102_1_001","25","5","2","0","2"
"11","EN12102_1_001","25","4","3","0","2"
"11","EN12102_1_001","25","5","3","0","2"
"11","EN12102_1_002","50","4","1","0","2"
"11","EN12102_1_002","50","5","1","0","2"
"11","EN12102_1_002","50","4","2","0","2"
"11","EN12102_1_002","50","5","2","0","2"
"11","EN12102_1_002","50","4","3","0","2"
"11","EN12102_1_002","50","5","3","0","2"
"11","EN14825_001","240","4","1","0","2"
"11","EN14825_001","163","5","1","0","2"
"11","EN14825_001","168","4","2","0","2"
"11","EN14825_001","118","5","2","0","2"
"11","EN14825_001","196","4","3","0","2"
"11","EN14825_001","133","5","3","0","2"
"11","EN14825_002","5.50","4","1","0","2"
"11","EN14825_002","5.40","5","1","0","2"
"11","EN14825_002","4.30","4","2","0","2"
"11","EN14825_002","4.00","5","2","0","2"
"11","EN14825_002","4.76","4","3","0","2"
"11","EN14825_002","4.49","5","3","0","2"
"11","EN14825_003","6.07","4","1","0","2"
"11","EN14825_003","4.16","5","1","0","2"
"11","EN14825_003","4.27","4","2","0","2"
"11","EN14825_003","3.03","5","2","0","2"
"11","EN14825_003","4.98","4","3","0","2"
"11","EN14825_003","3.40","5","3","0","2"
"11","EN14825_004","2","4","1","0","2"
"11","EN14825_004","2","5","1","0","2"
"11","EN14825_004","-17","4","2","0","2"
"11","EN14825_004","-17","5","2","0","2"
"11","EN14825_004","-10","4","3","0","2"
"11","EN14825_004","-10","5","3","0","2"
"11","EN14825_005","2","4","1","0","2"
"11","EN14825_005","2","5","1","0","2"
"11","EN14825_005","-20","4","2","0","2"
"11","EN14825_005","-18","5","2","0","2"
"11","EN14825_005","-10","4","3","0","2"
"11","EN14825_005","-10","5","3","0","2"
"11","EN14825_008","2.50","4","2","0","2"
"11","EN14825_008","2.29","5","2","0","2"
"11","EN14825_008","4.27","4","3","0","2"
"11","EN14825_008","3.93","5","3","0","2"
"11","EN14825_009","3.64","4","2","0","2"
"11","EN14825_009","2.52","5","2","0","2"
"11","EN14825_009","3.11","4","3","0","2"
"11","EN14825_009","2.11","5","3","0","2"
"11","EN14825_010","5.48","4","1","0","2"
"11","EN14825_010","5.40","5","1","0","2"
"11","EN14825_010","1.49","4","2","0","2"
"11","EN14825_010","1.80","5","2","0","2"
"11","EN14825_010","2.51","4","3","0","2"
"11","EN14825_010","2.41","5","3","0","2"
"11","EN14825_011","3.03","4","1","0","2"
"11","EN14825_011","2.10","5","1","0","2"
"11","EN14825_011","5.22","4","2","0","2"
"11","EN14825_011","3.82","5","2","0","2"
"11","EN14825_011","4.96","4","3","0","2"
"11","EN14825_011","3.36","5","3","0","2"
"11","EN14825_012","3.81","4","1","0","2"
"11","EN14825_012","3.56","5","1","0","2"
"11","EN14825_012","1.14","4","2","0","2"
"11","EN14825_012","2.08","5","2","0","2"
"11","EN14825_012","1.51","4","3","0","2"
"11","EN14825_012","2.06","5","3","0","2"
"11","EN14825_013","5.16","4","1","0","2"
"11","EN14825_013","3.57","5","1","0","2"
"11","EN14825_013","6.44","4","2","0","2"
"11","EN14825_013","4.68","5","2","0","2"
"11","EN14825_013","6.40","4","3","0","2"
"11","EN14825_013","4.41","5","3","0","2"
"11","EN14825_014","1.71","4","1","0","2"
"11","EN14825_014","2.44","5","1","0","2"
"11","EN14825_014","1.24","4","2","0","2"
"11","EN14825_014","2.48","5","2","0","2"
"11","EN14825_014","1.27","4","3","0","2"
"11","EN14825_014","2.45","5","3","0","2"
"11","EN14825_015","8.06","4","1","0","2"
"11","EN14825_015","5.53","5","1","0","2"
"11","EN14825_015","7.03","4","2","0","2"
"11","EN14825_015","6.02","5","2","0","2"
"11","EN14825_015","7.53","4","3","0","2"
"11","EN14825_015","5.76","5","3","0","2"
"11","EN14825_016","5.48","4","1","0","2"
"11","EN14825_016","5.40","5","1","0","2"
"11","EN14825_016","3.75","4","2","0","2"
"11","EN14825_016","3.53","5","2","0","2"
"11","EN14825_016","4.76","4","3","0","2"
"11","EN14825_016","4.49","5","3","0","2"
"11","EN14825_017","3.03","4","1","0","2"
"11","EN14825_017","2.10","5","1","0","2"
"11","EN14825_017","2.29","4","2","0","2"
"11","EN14825_017","1.64","5","2","0","2"
"11","EN14825_017","2.68","4","3","0","2"
"11","EN14825_017","1.82","5","3","0","2"
"11","EN14825_018","5.48","4","1","0","2"
"11","EN14825_018","5.40","5","1","0","2"
"11","EN14825_018","3.44","4","2","0","2"
"11","EN14825_018","3.39","5","2","0","2"
"11","EN14825_018","4.76","4","3","0","2"
"11","EN14825_018","4.49","5","3","0","2"
"11","EN14825_019","3.03","4","1","0","2"
"11","EN14825_019","2.10","5","1","0","2"
"11","EN14825_019","2.11","4","2","0","2"
"11","EN14825_019","1.56","5","2","0","2"
"11","EN14825_019","2.68","4","3","0","2"
"11","EN14825_019","1.82","5","3","0","2"
"11","EN14825_022","60","4","1","0","2"
"11","EN14825_022","60","5","1","0","2"
"11","EN14825_022","60","4","2","0","2"
"11","EN14825_022","60","5","2","0","2"
"11","EN14825_022","60","4","3","0","2"
"11","EN14825_022","60","5","3","0","2"
"11","EN14825_023","17","4","1","0","2"
"11","EN14825_023","17","5","1","0","2"
"11","EN14825_023","17","4","2","0","2"
"11","EN14825_023","17","5","2","0","2"
"11","EN14825_023","17","4","3","0","2"
"11","EN14825_023","17","5","3","0","2"
"11","EN14825_024","22","4","1","0","2"
"11","EN14825_024","22","5","1","0","2"
"11","EN14825_024","22","4","2","0","2"
"11","EN14825_024","22","5","2","0","2"
"11","EN14825_024","22","4","3","0","2"
"11","EN14825_024","22","5","3","0","2"
"11","EN14825_025","17","4","1","0","2"
"11","EN14825_025","17","5","1","0","2"
"11","EN14825_025","17","4","2","0","2"
"11","EN14825_025","17","5","2","0","2"
"11","EN14825_025","17","4","3","0","2"
"11","EN14825_025","17","5","3","0","2"
"11","EN14825_026","0","4","1","0","2"
"11","EN14825_026","0","5","1","0","2"
"11","EN14825_026","0","4","2","0","2"
"11","EN14825_026","0","5","2","0","2"
"11","EN14825_026","0","4","3","0","2"
"11","EN14825_026","0","5","3","0","2"
"11","EN14825_027","1","4","1","0","2"
"11","EN14825_027","1","5","1","0","2"
"11","EN14825_027","1","4","2","0","2"
"11","EN14825_027","1","5","2","0","2"
"11","EN14825_027","1","4","3","0","2"
"11","EN14825_027","1","5","3","0","2"
"11","EN14825_028","0.00","4","1","0","2"
"11","EN14825_028","0.00","5","1","0","2"
"11","EN14825_028","4.30","4","2","0","2"
"11","EN14825_028","4.00","5","2","0","2"
"11","EN14825_028","0.00","4","3","0","2"
"11","EN14825_028","0.00","5","3","0","2"
"11","EN14825_029","1211","4","1","0","2"
"11","EN14825_029","1736","5","1","0","2"
"11","EN14825_029","2482","4","2","0","2"
"11","EN14825_029","3252","5","2","0","2"
"11","EN14825_029","1975","4","3","0","2"
"11","EN14825_029","2724","5","3","0","2"
"11","EN14825_044","3.75","4","2","0","2"
"11","EN14825_044","1.64","5","2","0","2"
"11","EN14825_045","2.29","4","2","0","2"
"11","EN14825_045","1.64","5","2","0","2"
"11","EN16147_001","L","0","1","0","2"
"11","EN16147_001","L","0","2","0","2"
"11","EN16147_001","L","0","3","0","2"
"11","EN16147_002","119","0","1","0","2"
"11","EN16147_002","84","0","2","0","2"
"11","EN16147_002","100","0","3","0","2"
"11","EN16147_003","2.80","0","1","0","2"
"11","EN16147_003","1.96","0","2","0","2"
"11","EN16147_003","2.36","0","3","0","2"
"11","EN16147_004","02:49","0","1","0","2"
"11","EN16147_004","04:11","0","2","0","2"
"11","EN16147_004","03:34","0","3","0","2"
"11","EN16147_005","47.0","0","1","0","2"
"11","EN16147_005","66.0","0","2","0","2"
"11","EN16147_005","52.0","0","3","0","2"
"11","EN16147_006","53.1","0","1","0","2"
"11","EN16147_006","53.0","0","2","0","2"
"11","EN16147_006","53.5","0","3","0","2"
"11","EN16147_007","261","0","1","0","2"
"11","EN16147_007","279","0","2","0","2"
"11","EN16147_007","271","0","3","0","2"
"14","title","Buderus Logatherm WLW196i.2-4 ARTP120 S+","0","0","0","1"
"14","application","2","0","0","0","1"
"14","indoor","1","0","0","0","1"
"14","outdoor","1","0","0","0","1"
"14","coolingMode7c12c","0","0","0","0","1"
"14","coolingMode18c23c","0","0","0","0","1"
"14","colderClimate","1","0","0","0","1"
"14","warmerClimate","1","0","0","0","1"
"14","reversibility","1","0","0","0","1"
"14","colderForHeating","0","0","0","0","1"
"14","warmerForHeating","0","0","0","0","1"
"14","en145112Certification","0","0","0","0","1"
"14","heatSource","1","0","0","0","1"
"14","additionalOutdoorAir","0","0","0","0","1"
"14","additionalExhaustAir","0","0","0","0","1"
"14","additionalIndoorAir","0","0","0","0","1"
"14","additionalNonheatedSpaceAir","0","0","0","0","1"
"14","powerSupply","3","0","0","0","1"
"14","offPeakProduct","2","0","0","0","1"
"14","EN14511_4_001","2","0","10","0","2"
"14","EN14511_4_002","2","0","10","0","2"
"14","EN14511_2_001","2.82","4","10","0","2"
"14","EN14511_2_001","1.78","5","10","0","2"
"14","EN14511_2_002","0.59","4","10","0","2"
"14","EN14511_2_002","0.71","5","10","0","2"
"14","EN14511_2_003","4.76","4","10","0","2"
"14","EN14511_2_003","2.49","5","10","0","2"
"14","EN14511_4_003","2","0","10","0","2"
"14","EN14511_4_004","2","0","10","0","2"
"14","EN14511_4_005","2","0","10","0","2"
"14","EN14511_4_006","2","0","10","0","2"
"14","EN12102_1_001","49","4","1","0","2"
"14","EN12102_1_001","49","5","1","0","2"
"14","EN12102_1_001","49","4","2","0","2"
"14","EN12102_1_001","49","5","2","0","2"
"14","EN12102_1_001","49","4","3","0","2"
"14","EN12102_1_001","49","5","3","0","2"
"14","EN12102_1_002","50","4","1","0","2"
"14","EN12102_1_002","50","5","1","0","2"
"14","EN12102_1_002","50","4","2","0","2"
"14","EN12102_1_002","50","5","2","0","2"
"14","EN12102_1_002","50","4","3","0","2"
"14","EN12102_1_002","50","5","3","0","2"
"14","EN14825_001","223","4","1","0","2"
"14","EN14825_001","158","5","1","0","2"
"14","EN14825_001","157","4","2","0","2"
"14","EN14825_001","113","5","2","0","2"
"14","EN14825_001","183","4","3","0","2"
"14","EN14825_001","127","5","3","0","2"
"14","EN14825_002","5.50","4","1","0","2"
"14","EN14825_002","5.40","5","1","0","2"
"14","EN14825_002","4.30","4","2","0","2"
"14","EN14825_002","4.00","5","2","0","2"
"14","EN14825_002","4.76","4","3","0","2"
"14","EN14825_002","4.49","5","3","0","2"
"14","EN14825_003","5.65","4","1","0","2"
"14","EN14825_003","4.01","5","1","0","2"
"14","EN14825_003","4.00","4","2","0","2"
"14","EN14825_003","2.90","5","2","0","2"
"14","EN14825_003","4.66","4","3","0","2"
"14","EN14825_003","3.26","5","3","0","2"
"14","EN14825_004","2","4","1","0","2"
"14","EN14825_004","2","5","1","0","2"
"14","EN14825_004","-17","4","2","0","2"
"14","EN14825_004","-17","5","2","0","2"
"14","EN14825_004","-10","4","3","0","2"
"14","EN14825_004","-10","5","3","0","2"
"14","EN14825_005","2","4","1","0","2"
"14","EN14825_005","2","5","1","0","2"
"14","EN14825_005","-20","4","2","0","2"
"14","EN14825_005","-18","5","2","0","2"
"14","EN14825_005","-10","4","3","0","2"
"14","EN14825_005","-10","5","3","0","2"
"14","EN14825_008","2.50","4","2","0","2"
"14","EN14825_008","2.29","5","2","0","2"
"14","EN14825_008","4.27","4","3","0","2"
"14","EN14825_008","3.94","5","3","0","2"
"14","EN14825_009","3.50","4","2","0","2"
"14","EN14825_009","2.46","5","2","0","2"
"14","EN14825_009","3.02","4","3","0","2"
"14","EN14825_009","2.08","5","3","0","2"
"14","EN14825_010","5.48","4","1","0","2"
"14","EN14825_010","5.40","5","1","0","2"
"14","EN14825_010","1.49","4","2","0","2"
"14","EN14825_010","1.80","5","2","0","2"
"14","EN14825_010","2.51","4","3","0","2"
"14","EN14825_010","2.41","5","3","0","2"
"14","EN14825_011","2.93","4","1","0","2"
"14","EN14825_011","2.07","5","1","0","2"
"14","EN14825_011","4.84","4","2","0","2"
"14","EN14825_011","3.65","5","2","0","2"
"14","EN14825_011","4.70","4","3","0","2"
"14","EN14825_011","3.26","5","3","0","2"
"14","EN14825_012","3.81","4","1","0","2"
"14","EN14825_012","3.56","5","1","0","2"
"14","EN14825_012","1.14","4","2","0","2"
"14","EN14825_012","2.08","5","2","0","2"
"14","EN14825_012","1.51","4","3","0","2"
"14","EN14825_012","2.06","5","3","0","2"
"14","EN14825_013","4.91","4","1","0","2"
"14","EN14825_013","3.48","5","1","0","2"
"14","EN14825_013","5.73","4","2","0","2"
"14","EN14825_013","4.46","5","2","0","2"
"14","EN14825_013","5.85","4","3","0","2"
"14","EN14825_013","4.21","5","3","0","2"
"14","EN14825_014","1.71","4","1","0","2"
"14","EN14825_014","2.44","5","1","0","2"
"14","EN14825_014","1.24","4","2","0","2"
"14","EN14825_014","2.48","5","2","0","2"
"14","EN14825_014","1.27","4","3","0","2"
"14","EN14825_014","2.45","5","3","0","2"
"14","EN14825_015","7.26","4","1","0","2"
"14","EN14825_015","5.26","5","1","0","2"
"14","EN14825_015","6.26","4","2","0","2"
"14","EN14825_015","5.71","5","2","0","2"
"14","EN14825_015","6.67","4","3","0","2"
"14","EN14825_015","5.47","5","3","0","2"
"14","EN14825_016","5.48","4","1","0","2"
"14","EN14825_016","5.40","5","1","0","2"
"14","EN14825_016","3.75","4","2","0","2"
"14","EN14825_016","3.53","5","2","0","2"
"14","EN14825_016","4.76","4","3","0","2"
"14","EN14825_016","4.49","5","3","0","2"
"14","EN14825_017","2.93","4","1","0","2"
"14","EN14825_017","2.07","5","1","0","2"
"14","EN14825_017","2.24","4","2","0","2"
"14","EN14825_017","1.62","5","2","0","2"
"14","EN14825_017","2.62","4","3","0","2"
"14","EN14825_017","1.80","5","3","0","2"
"14","EN14825_018","5.48","4","1","0","2"
"14","EN14825_018","5.40","5","1","0","2"
"14","EN14825_018","3.44","4","2","0","2"
"14","EN14825_018","3.39","5","2","0","2"
"14","EN14825_018","4.76","4","3","0","2"
"14","EN14825_018","4.49","5","3","0","2"
"14","EN14825_019","2.93","4","1","0","2"
"14","EN14825_019","2.07","5","1","0","2"
"14","EN14825_019","2.07","4","2","0","2"
"14","EN14825_019","1.54","5","2","0","2"
"14","EN14825_019","2.62","4","3","0","2"
"14","EN14825_019","1.80","5","3","0","2"
"14","EN14825_022","60","4","1","0","2"
"14","EN14825_022","60","5","1","0","2"
"14","EN14825_022","60","4","2","0","2"
"14","EN14825_022","60","5","2","0","2"
"14","EN14825_022","60","4","3","0","2"
"14","EN14825_022","60","5","3","0","2"
"14","EN14825_023","17","4","1","0","2"
"14","EN14825_023","17","5","1","0","2"
"14","EN14825_023","17","4","2","0","2"
"14","EN14825_023","17","5","2","0","2"
"14","EN14825_023","17","4","3","0","2"
"14","EN14825_023","17","5","3","0","2"
"14","EN14825_024","22","4","1","0","2"
"14","EN14825_024","22","5","1","0","2"
"14","EN14825_024","22","4","2","0","2"
"14","EN14825_024","22","5","2","0","2"
"14","EN14825_024","22","4","3","0","2"
"14","EN14825_024","22","5","3","0","2"
"14","EN14825_025","17","4","1","0","2"
"14","EN14825_025","17","5","1","0","2"
"14","EN14825_025","17","4","2","0","2"
"14","EN14825_025","17","5","2","0","2"
"14","EN14825_025","17","4","3","0","2"
"14","EN14825_025","17","5","3","0","2"
"14","EN14825_026","0","4","1","0","2"
"14","EN14825_026","0","5","1","0","2"
"14","EN14825_026","0","4","2","0","2"
"14","EN14825_026","0","5","2","0","2"
"14","EN14825_026","0","4","3","0","2"
"14","EN14825_026","0","5","3","0","2"
"14","EN14825_027","1","4","1","0","2"
"14","EN14825_027","1","5","1","0","2"
"14","EN14825_027","1","4","2","0","2"
"14","EN14825_027","1","5","2","0","2"
"14","EN14825_027","1","4","3","0","2"
"14","EN14825_027","1","5","3","0","2"
"14","EN14825_028","0.00","4","1","0","2"
"14","EN14825_028","0.00","5","1","0","2"
"14","EN14825_028","4.30","4","2","0","2"
"14","EN14825_028","4.00","5","2","0","2"
"14","EN14825_028","0.00","4","3","0","2"
"14","EN14825_028","0.00","5","3","0","2"
"14","EN14825_029","1301","4","1","0","2"
"14","EN14825_029","1797","5","1","0","2"
"14","EN14825_029","2650","4","2","0","2"
"14","EN14825_029","3405","5","2","0","2"
"14","EN14825_029","2112","4","3","0","2"
"14","EN14825_029","2843","5","3","0","2"
"14","EN14825_044","3.75","4","2","0","2"
"14","EN14825_044","3.53","5","2","0","2"
"14","EN14825_045","2.24","4","2","0","2"
"14","EN14825_045","1.62","5","2","0","2"
"12","title","Buderus Logatherm WLW196i.2-4 ARTS185 S+","0","0","0","1"
"12","application","4","0","0","0","1"
"12","indoor","1","0","0","0","1"
"12","outdoor","1","0","0","0","1"
"12","coolingMode7c12c","0","0","0","0","1"
"12","coolingMode18c23c","0","0","0","0","1"
"12","colderClimate","1","0","0","0","1"
"12","warmerClimate","1","0","0","0","1"
"12","reversibility","1","0","0","0","1"
"12","colderForHeating","0","0","0","0","1"
"12","warmerForHeating","0","0","0","0","1"
"12","en145112Certification","0","0","0","0","1"
"12","heatSource","1","0","0","0","1"
"12","additionalOutdoorAir","0","0","0","0","1"
"12","additionalExhaustAir","0","0","0","0","1"
"12","additionalIndoorAir","0","0","0","0","1"
"12","additionalNonheatedSpaceAir","0","0","0","0","1"
"12","powerSupply","3","0","0","0","1"
"12","offPeakProduct","2","0","0","0","1"
"12","EN14511_4_001","2","0","10","0","2"
"12","EN14511_4_002","2","0","10","0","2"
"12","EN14511_2_001","2.82","4","10","0","2"
"12","EN14511_2_001","1.78","5","10","0","2"
"12","EN14511_2_002","0.56","4","10","0","2"
"12","EN14511_2_002","0.69","5","10","0","2"
"12","EN14511_2_003","5.01","4","10","0","2"
"12","EN14511_2_003","2.57","5","10","0","2"
"12","EN14511_4_003","2","0","10","0","2"
"12","EN14511_4_004","2","0","10","0","2"
"12","EN14511_4_005","2","0","10","0","2"
"12","EN14511_4_006","2","0","10","0","2"
"12","EN12102_1_001","25","4","1","0","2"
"12","EN12102_1_001","25","5","1","0","2"
"12","EN12102_1_001","25","4","2","0","2"
"12","EN12102_1_001","25","5","2","0","2"
"12","EN12102_1_001","25","4","3","0","2"
"12","EN12102_1_001","25","5","3","0","2"
"12","EN12102_1_002","50","4","1","0","2"
"12","EN12102_1_002","50","5","1","0","2"
"12","EN12102_1_002","50","4","2","0","2"
"12","EN12102_1_002","50","5","2","0","2"
"12","EN12102_1_002","50","4","3","0","2"
"12","EN12102_1_002","50","5","3","0","2"
"12","EN14825_001","240","4","1","0","2"
"12","EN14825_001","163","5","1","0","2"
"12","EN14825_001","168","4","2","0","2"
"12","EN14825_001","118","5","2","0","2"
"12","EN14825_001","196","4","3","0","2"
"12","EN14825_001","133","5","3","0","2"
"12","EN14825_002","5.50","4","1","0","2"
"12","EN14825_002","5.40","5","1","0","2"
"12","EN14825_002","4.30","4","2","0","2"
"12","EN14825_002","4.00","5","2","0","2"
"12","EN14825_002","4.76","4","3","0","2"
"12","EN14825_002","4.49","5","3","0","2"
"12","EN14825_003","6.07","4","1","0","2"
"12","EN14825_003","4.16","5","1","0","2"
"12","EN14825_003","4.27","4","2","0","2"
"12","EN14825_003","3.03","5","2","0","2"
"12","EN14825_003","4.98","4","3","0","2"
"12","EN14825_003","3.40","5","3","0","2"
"12","EN14825_004","2","4","1","0","2"
"12","EN14825_004","2","5","1","0","2"
"12","EN14825_004","-17","4","2","0","2"
"12","EN14825_004","-17","5","2","0","2"
"12","EN14825_004","-10","4","3","0","2"
"12","EN14825_004","-10","5","3","0","2"
"12","EN14825_005","2","4","1","0","2"
"12","EN14825_005","2","5","1","0","2"
"12","EN14825_005","-20","4","2","0","2"
"12","EN14825_005","-18","5","2","0","2"
"12","EN14825_005","-10","4","3","0","2"
"12","EN14825_005","-10","5","3","0","2"
"12","EN14825_008","2.50","4","2","0","2"
"12","EN14825_008","2.29","5","2","0","2"
"12","EN14825_008","4.27","4","3","0","2"
"12","EN14825_008","3.93","5","3","0","2"
"12","EN14825_009","3.64","4","2","0","2"
"12","EN14825_009","2.52","5","2","0","2"
"12","EN14825_009","3.11","4","3","0","2"
"12","EN14825_009","2.11","5","3","0","2"
"12","EN14825_010","5.48","4","1","0","2"
"12","EN14825_010","5.40","5","1","0","2"
"12","EN14825_010","1.49","4","2","0","2"
"12","EN14825_010","1.80","5","2","0","2"
"12","EN14825_010","2.51","4","3","0","2"
"12","EN14825_010","2.41","5","3","0","2"
"12","EN14825_011","3.03","4","1","0","2"
"12","EN14825_011","2.10","5","1","0","2"
"12","EN14825_011","5.22","4","2","0","2"
"12","EN14825_011","3.82","5","2","0","2"
"12","EN14825_011","4.96","4","3","0","2"
"12","EN14825_011","3.36","5","3","0","2"
"12","EN14825_012","3.81","4","1","0","2"
"12","EN14825_012","3.56","5","1","0","2"
"12","EN14825_012","1.14","4","2","0","2"
"12","EN14825_012","2.08","5","2","0","2"
"12","EN14825_012","1.51","4","3","0","2"
"12","EN14825_012","2.06","5","3","0","2"
"12","EN14825_013","5.16","4","1","0","2"
"12","EN14825_013","3.57","5","1","0","2"
"12","EN14825_013","6.44","4","2","0","2"
"12","EN14825_013","4.68","5","2","0","2"
"12","EN14825_013","6.40","4","3","0","2"
"12","EN14825_013","4.41","5","3","0","2"
"12","EN14825_014","1.71","4","1","0","2"
"12","EN14825_014","2.44","5","1","0","2"
"12","EN14825_014","1.24","4","2","0","2"
"12","EN14825_014","2.48","5","2","0","2"
"12","EN14825_014","1.27","4","3","0","2"
"12","EN14825_014","2.45","5","3","0","2"
"12","EN14825_015","8.06","4","1","0","2"
"12","EN14825_015","5.53","5","1","0","2"
"12","EN14825_015","7.03","4","2","0","2"
"12","EN14825_015","6.02","5","2","0","2"
"12","EN14825_015","7.53","4","3","0","2"
"12","EN14825_015","5.76","5","3","0","2"
"12","EN14825_016","5.48","4","1","0","2"
"12","EN14825_016","5.40","5","1","0","2"
"12","EN14825_016","3.75","4","2","0","2"
"12","EN14825_016","3.53","5","2","0","2"
"12","EN14825_016","4.76","4","3","0","2"
"12","EN14825_016","4.49","5","3","0","2"
"12","EN14825_017","3.03","4","1","0","2"
"12","EN14825_017","2.10","5","1","0","2"
"12","EN14825_017","2.29","4","2","0","2"
"12","EN14825_017","1.64","5","2","0","2"
"12","EN14825_017","2.68","4","3","0","2"
"12","EN14825_017","1.82","5","3","0","2"
"12","EN14825_018","5.48","4","1","0","2"
"12","EN14825_018","5.40","5","1","0","2"
"12","EN14825_018","3.44","4","2","0","2"
"12","EN14825_018","3.39","5","2","0","2"
"12","EN14825_018","4.76","4","3","0","2"
"12","EN14825_018","4.49","5","3","0","2"
"12","EN14825_019","3.03","4","1","0","2"
"12","EN14825_019","2.10","5","1","0","2"
"12","EN14825_019","2.11","4","2","0","2"
"12","EN14825_019","1.56","5","2","0","2"
"12","EN14825_019","2.68","4","3","0","2"
"12","EN14825_019","1.82","5","3","0","2"
"12","EN14825_022","60","4","1","0","2"
"12","EN14825_022","60","5","1","0","2"
"12","EN14825_022","60","4","2","0","2"
"12","EN14825_022","60","5","2","0","2"
"12","EN14825_022","60","4","3","0","2"
"12","EN14825_022","60","5","3","0","2"
"12","EN14825_023","17","4","1","0","2"
"12","EN14825_023","17","5","1","0","2"
"12","EN14825_023","17","4","2","0","2"
"12","EN14825_023","17","5","2","0","2"
"12","EN14825_023","17","4","3","0","2"
"12","EN14825_023","17","5","3","0","2"
"12","EN14825_024","22","4","1","0","2"
"12","EN14825_024","22","5","1","0","2"
"12","EN14825_024","22","4","2","0","2"
"12","EN14825_024","22","5","2","0","2"
"12","EN14825_024","22","4","3","0","2"
"12","EN14825_024","22","5","3","0","2"
"12","EN14825_025","17","4","1","0","2"
"12","EN14825_025","17","5","1","0","2"
"12","EN14825_025","17","4","2","0","2"
"12","EN14825_025","17","5","2","0","2"
"12","EN14825_025","17","4","3","0","2"
"12","EN14825_025","17","5","3","0","2"
"12","EN14825_026","0","4","1","0","2"
"12","EN14825_026","0","5","1","0","2"
"12","EN14825_026","0","4","2","0","2"
"12","EN14825_026","0","5","2","0","2"
"12","EN14825_026","0","4","3","0","2"
"12","EN14825_026","0","5","3","0","2"
"12","EN14825_027","1","4","1","0","2"
"12","EN14825_027","1","5","1","0","2"
"12","EN14825_027","1","4","2","0","2"
"12","EN14825_027","1","5","2","0","2"
"12","EN14825_027","1","4","3","0","2"
"12","EN14825_027","1","5","3","0","2"
"12","EN14825_028","0.00","4","1","0","2"
"12","EN14825_028","0.00","5","1","0","2"
"12","EN14825_028","4.30","4","2","0","2"
"12","EN14825_028","4.00","5","2","0","2"
"12","EN14825_028","0.00","4","3","0","2"
"12","EN14825_028","0.00","5","3","0","2"
"12","EN14825_029","1211","4","1","0","2"
"12","EN14825_029","1736","5","1","0","2"
"12","EN14825_029","2482","4","2","0","2"
"12","EN14825_029","3252","5","2","0","2"
"12","EN14825_029","1975","4","3","0","2"
"12","EN14825_029","2724","5","3","0","2"
"12","EN14825_044","3.75","4","2","0","2"
"12","EN14825_044","1.64","5","2","0","2"
"12","EN14825_045","2.29","4","2","0","2"
"12","EN14825_045","1.64","5","2","0","2"
"12","EN16147_001","L","0","1","0","2"
"12","EN16147_001","L","0","2","0","2"
"12","EN16147_001","L","0","3","0","2"
"12","EN16147_002","110","0","1","0","2"
"12","EN16147_002","80","0","2","0","2"
"12","EN16147_002","98","0","3","0","2"
"12","EN16147_003","2.58","0","1","0","2"
"12","EN16147_003","1.88","0","2","0","2"
"12","EN16147_003","2.31","0","3","0","2"
"12","EN16147_004","02:45","0","1","0","2"
"12","EN16147_004","04:05","0","2","0","2"
"12","EN16147_004","03:12","0","3","0","2"
"12","EN16147_005","49.0","0","1","0","2"
"12","EN16147_005","67.0","0","2","0","2"
"12","EN16147_005","54.0","0","3","0","2"
"12","EN16147_006","51.7","0","1","0","2"
"12","EN16147_006","51.7","0","2","0","2"
"12","EN16147_006","52.5","0","3","0","2"
"12","EN16147_007","247","0","1","0","2"
"12","EN16147_007","259","0","2","0","2"
"12","EN16147_007","261","0","3","0","2"
"","Refrigerant","R410A","0","0","0","0"
"","Mass of Refrigerant","1,750 kg","0","0","0","0"
"","Date","18.07.2017","0","0","0","0"
